Génération...
Test...
993 -0.437768
995 -0.441458
993 -0.614602
992 -0.513233
992 -0.435296
991 -0.641625
992 -0.568677
993 -0.547142
992 -0.745985
993 -0.590295
990 -0.522521
995 -0.714415
990 -0.628803
992 -0.503344
992 -0.653155
990 -0.597389
991 -0.484380
989 -0.569838
990 -0.694651
992 -0.550429
993 -0.591803
992 -0.666885
992 -0.514921
991 -0.459351
991 -0.562683
994 -0.449423
993 -0.451497
992 -0.592284
993 -0.536792
988 -0.491144
988 -0.691794
994 -0.492114
994 -0.576017
987 -0.801815
992 -0.589737
987 -0.518755
989 -0.742235
990 -0.484878
992 -0.499194
992 -0.741167
990 -0.628133
991 -0.517394
995 -0.728732
995 -0.648386
989 -0.523080
990 -0.639326
989 -0.665874
993 -0.543512
990 -0.646989
994 -0.688123
990 -0.588722
993 -0.604513
994 -0.699535
993 -0.544220
992 -0.614262
993 -0.672890
989 -0.436081
993 -0.468981
993 -0.577223
989 -0.433176
992 -0.480239
996 -0.614738
991 -0.460263
992 -0.461274
992 -0.666462
995 -0.528244
991 -0.542250
996 -0.758629
992 -0.533569
990 -0.499025
990 -0.716801
992 -0.556429
995 -0.515174
995 -0.697437
991 -0.663446
989 -0.502280
987 -0.655982
992 -0.553931
991 -0.433322
995 -0.545332
991 -0.525553
988 -0.424913
993 -0.531344
992 -0.537444
987 -0.443443
992 -0.529804
988 -0.570581
987 -0.477335
994 -0.514847
991 -0.583654
995 -0.443214
991 -0.475872
994 -0.579473
997 -0.479210
988 -0.526166
988 -0.735923
992 -0.554010
986 -0.518322
993 -0.754720
982 -0.539436
991 -0.487535
996 -0.768905
991 -0.594362
992 -0.542950
996 -0.739012
992 -0.499636
992 -0.460798
994 -0.703865
987 -0.659179
991 -0.539431
993 -0.698563
993 -0.680660
988 -0.551889
994 -0.680764
994 -0.718613
990 -0.583648
995 -0.626628
989 -0.653441
994 -0.511097
990 -0.596188
995 -0.661371
994 -0.449291
994 -0.476216
992 -0.603760
990 -0.411113
990 -0.460077
994 -0.575672
990 -0.448670
992 -0.447820
987 -0.607733
990 -0.444922
995 -0.443508
991 -0.605444
987 -0.466235
989 -0.471099
992 -0.615589
991 -0.494521
990 -0.509026
986 -0.673081
991 -0.637168
992 -0.544795
992 -0.705832
991 -0.612854
988 -0.469001
992 -0.648431
988 -0.638260
987 -0.539650
992 -0.677008
991 -0.678996
992 -0.524954
989 -0.712394
987 -0.763557
996 -0.540445
991 -0.516741
991 -0.583849
992 -0.536672
992 -0.519803
987 -0.681739
991 -0.550040
994 -0.583517
988 -0.823535
990 -0.709857
994 -0.554039
994 -0.627232
988 -0.447371
990 -0.526761
992 -0.633151
986 -0.483594
989 -0.422705
990 -0.620143
989 -0.505356
992 -0.398282
990 -0.573083
989 -0.500452
986 -0.415581
989 -0.693170
994 -0.621866
993 -0.561410
990 -0.739778
992 -0.568648
993 -0.476409
991 -0.665722
991 -0.560177
990 -0.459659
987 -0.766282
992 -0.630687
994 -0.475825
990 -0.588851
992 -0.676052
991 -0.487152
990 -0.609426
994 -0.840150
995 -0.617396
995 -0.431650
992 -0.597234
991 -0.427438
992 -0.394228
986 -0.553119
992 -0.460564
992 -0.403741
994 -0.598439
987 -0.542577
993 -0.555638
988 -0.565885
993 -0.518975
992 -0.437681
993 -0.603709
990 -0.632218
992 -0.591290
993 -0.704746
987 -0.749266
992 -0.606326
990 -0.675546
991 -0.644853
991 -0.454533
993 -0.574927
993 -0.665970
996 -0.494221
991 -0.545974
990 -0.703772
986 -0.595647
991 -0.487496
992 -0.749552
992 -0.501763
996 -0.467205
987 -0.779858
997 -0.609556
991 -0.580784
992 -0.750653
993 -0.654476
991 -0.514389
994 -0.661236
993 -0.553423
990 -0.489275
990 -0.663496
989 -0.632723
988 -0.454984
990 -0.657125
988 -0.606988
991 -0.492522
989 -0.519586
994 -0.549031
995 -0.443824
988 -0.463968
996 -0.608444
987 -0.467428
984 -0.463741
993 -0.559817
991 -0.412279
989 -0.432787
990 -0.745532
985 -0.488387
988 -0.494080
994 -0.657011
991 -0.455300
990 -0.413518
988 -0.670430
988 -0.662919
985 -0.569043
988 -0.739576
992 -0.731752
993 -0.445310
992 -0.556129
989 -0.540300
990 -0.459279
985 -0.513455
988 -0.533293
987 -0.424087
994 -0.451873
988 -0.558062
991 -0.422060
993 -0.423463
991 -0.528794
990 -0.406332
993 -0.417431
992 -0.614002
992 -0.459864
986 -0.437459
986 -0.652792
988 -0.489735
989 -0.430111
987 -0.646589
985 -0.509758
990 -0.437415
988 -0.548914
989 -0.511806
989 -0.438119
993 -0.520354
989 -0.531309
989 -0.448686
986 -0.489077
997 -0.530126
989 -0.419615
992 -0.468542
991 -0.536533
990 -0.417379
993 -0.444608
990 -0.556391
987 -0.429434
984 -0.437783
990 -0.599609
995 -0.452210
991 -0.446899
991 -0.596995
987 -0.472920
993 -0.479157
991 -0.602128
991 -0.489537
991 -0.439695
989 -0.578916
985 -0.525224
988 -0.430307
988 -0.619893
990 -0.553046
992 -0.455781
985 -0.516517
993 -0.539660
994 -0.436138
989 -0.494133
992 -0.543507
988 -0.422559
992 -0.455576
989 -0.555031
994 -0.428695
987 -0.443350
992 -0.592284
981 -0.444222
993 -0.467162
993 -0.596380
992 -0.432448
990 -0.440380
987 -0.593067
990 -0.484803
990 -0.451588
993 -0.612037
985 -0.480469
995 -0.448449
983 -0.585505
990 -0.500679
986 -0.422329
979 -0.511397
987 -0.513638
987 -0.427103
991 -0.525102
989 -0.515482
990 -0.429415
986 -0.484338
989 -0.526684
987 -0.423072
986 -0.502520
985 -0.565225
990 -0.460364
988 -0.485524
986 -0.567245
988 -0.453209
987 -0.457020
988 -0.587010
988 -0.452372
991 -0.453981
984 -0.594328
995 -0.477868
988 -0.428031
984 -0.591460
990 -0.492091
992 -0.419920
993 -0.550671
989 -0.494789
987 -0.406792
988 -0.626868
983 -0.571231
991 -0.503524
986 -0.514817
989 -0.510580
983 -0.423323
993 -0.555000
991 -0.694091
987 -0.472054
993 -0.547111
994 -0.697315
988 -0.687996
989 -0.580779
991 -0.734549
988 -0.683278
987 -0.579421
990 -0.708457
985 -0.544646
986 -0.527923
996 -0.646084
983 -0.466783
987 -0.421632
987 -0.711112
988 -0.626877
985 -0.517934
987 -0.777701
986 -0.740613
983 -0.532900
990 -0.750300
991 -0.661938
988 -0.544609
986 -0.646249
989 -0.732552
982 -0.572126
986 -0.589595
994 -0.694977
992 -0.557423
990 -0.548844
990 -0.692904
993 -0.526775
988 -0.543243
992 -0.792064
990 -0.573866
987 -0.579901
989 -0.775083
990 -0.607717
992 -0.553477
990 -0.746159
986 -0.611276
994 -0.524045
981 -0.557738
987 -0.471318
993 -0.412831
992 -0.515631
987 -0.481291
988 -0.436633
986 -0.542612
987 -0.526762
990 -0.424799
990 -0.489793
990 -0.527052
988 -0.442902
989 -0.504812
987 -0.534034
991 -0.441011
984 -0.474532
994 -0.585700
987 -0.443934
988 -0.455392
991 -0.586431
990 -0.436232
984 -0.401246
988 -0.557164
990 -0.426960
985 -0.400366
987 -0.561148
988 -0.444631
987 -0.388117
994 -0.547299
983 -0.462953
991 -0.425450
987 -0.535271
991 -0.521977
987 -0.423077
989 -0.516348
987 -0.521177
990 -0.442621
984 -0.507929
989 -0.566959
988 -0.446331
991 -0.495666
986 -0.575611
990 -0.451556
988 -0.465406
992 -0.576539
985 -0.436237
989 -0.422432
990 -0.588676
988 -0.431512
989 -0.408791
987 -0.572145
991 -0.440216
990 -0.401049
988 -0.548312
983 -0.464074
991 -0.435649
988 -0.560976
991 -0.520098
992 -0.415475
990 -0.527402
989 -0.509798
991 -0.438928
990 -0.511739
990 -0.555528
989 -0.443939
986 -0.496052
987 -0.555260
990 -0.434241
982 -0.467124
992 -0.562702
990 -0.429296
989 -0.436521
986 -0.568811
994 -0.431100
989 -0.416692
987 -0.559454
992 -0.425829
991 -0.402737
987 -0.542176
988 -0.452284
986 -0.414798
983 -0.585223
984 -0.487253
982 -0.405285
983 -0.538548
987 -0.515825
982 -0.417939
987 -0.533416
989 -0.532431
987 -0.428654
991 -0.528314
986 -0.521959
982 -0.435212
983 -0.492533
988 -0.554916
990 -0.424505
988 -0.464143
995 -0.566535
989 -0.423106
985 -0.446030
987 -0.532224
991 -0.421856
987 -0.424986
984 -0.543380
985 -0.426070
988 -0.436913
987 -0.602820
991 -0.469022
985 -0.405845
989 -0.581889
989 -0.485343
983 -0.420983
989 -0.554445
989 -0.591191
986 -0.497380
989 -0.573132
991 -0.641121
985 -0.553540
982 -0.665575
984 -0.673461
983 -0.537746
984 -0.614617
992 -0.690158
988 -0.545040
987 -0.584006
988 -0.678568
991 -0.524560
988 -0.556474
988 -0.723556
980 -0.563048
987 -0.591189
986 -0.787994
983 -0.571133
990 -0.525725
990 -0.733873
991 -0.625534
988 -0.554665
988 -0.744472
989 -0.664377
987 -0.562468
988 -0.670857
983 -0.640753
990 -0.557456
989 -0.660779
981 -0.682675
989 -0.567001
990 -0.650818
983 -0.690381
981 -0.531108
984 -0.574834
980 -0.656109
987 -0.526910
992 -0.533792
986 -0.721958
980 -0.569092
983 -0.548889
987 -0.764081
986 -0.570066
986 -0.497706
985 -0.705538
991 -0.496370
984 -0.422667
987 -0.546795
988 -0.519428
987 -0.432684
989 -0.519985
983 -0.516185
985 -0.436874
981 -0.497777
988 -0.605741
982 -0.504748
986 -0.599586
988 -0.664424
990 -0.487292
985 -0.515614
990 -0.553416
983 -0.446054
989 -0.432927
983 -0.648641
986 -0.619651
990 -0.563283
992 -0.783497
988 -0.617332
985 -0.533423
980 -0.719026
993 -0.680098
992 -0.560504
987 -0.699119
987 -0.732514
989 -0.594325
987 -0.666753
989 -0.703544
981 -0.544402
981 -0.603003
984 -0.687296
985 -0.579182
990 -0.598059
982 -0.734229
983 -0.526988
983 -0.520490
988 -0.742688
987 -0.578634
988 -0.505164
988 -0.760967
981 -0.616894
986 -0.529952
984 -0.716084
987 -0.632376
995 -0.544584
992 -0.728587
989 -0.674859
985 -0.537096
990 -0.686310
994 -0.710451
991 -0.533727
990 -0.647779
988 -0.646031
986 -0.554808
986 -0.534339
984 -0.510377
987 -0.416900
982 -0.448463
988 -0.541021
987 -0.408344
983 -0.444334
989 -0.560369
991 -0.425688
986 -0.404098
983 -0.602596
983 -0.458045
983 -0.413940
985 -0.586863
979 -0.525680
987 -0.413098
988 -0.569253
984 -0.569912
982 -0.532849
985 -0.725731
980 -0.695589
990 -0.560349
989 -0.627540
992 -0.705342
991 -0.597709
986 -0.610132
992 -0.709817
980 -0.548346
980 -0.455885
988 -0.571591
984 -0.464889
989 -0.431638
986 -0.720628
982 -0.527840
983 -0.492796
985 -0.809328
986 -0.593837
982 -0.420712
982 -0.544845
989 -0.596415
981 -0.448846
991 -0.535918
978 -0.502017
988 -0.438095
984 -0.488491
984 -0.532736
990 -0.434237
986 -0.477454
985 -0.554464
987 -0.446172
988 -0.434284
982 -0.529432
984 -0.413789
987 -0.417025
985 -0.563348
987 -0.455027
985 -0.389987
986 -0.621385
992 -0.502630
986 -0.481781
988 -0.676106
989 -0.494083
990 -0.461810
983 -0.541320
980 -0.593973
987 -0.425266
985 -0.530808
987 -0.675343
990 -0.591968
986 -0.630745
985 -0.630556
985 -0.506122
989 -0.548104
985 -0.629577
985 -0.427412
985 -0.526136
981 -0.599001
984 -0.445286
985 -0.404650
983 -0.580453
981 -0.383479
986 -0.373660
988 -0.547467
985 -0.435130
989 -0.407920
985 -0.548513
990 -0.484613
991 -0.502378
985 -0.527465
988 -0.527629
985 -0.447369
987 -0.527660
985 -0.601946
988 -0.511786
979 -0.593425
988 -0.700817
988 -0.561735
991 -0.625546
989 -0.715773
987 -0.555703
990 -0.586177
984 -0.730947
982 -0.550278
985 -0.537223
986 -0.633128
978 -0.409016
983 -0.400977
991 -0.572515
988 -0.574756
981 -0.541652
985 -0.726826
989 -0.676722
989 -0.532445
984 -0.679584
983 -0.662030
985 -0.547577
986 -0.636590
984 -0.695832
986 -0.597998
982 -0.631229
979 -0.701161
984 -0.548798
984 -0.576169
991 -0.752505
979 -0.581530
983 -0.536982
982 -0.718723
987 -0.563796
984 -0.504348
988 -0.696826
988 -0.558858
984 -0.507893
987 -0.691083
987 -0.640025
982 -0.535504
981 -0.697881
988 -0.647835
983 -0.536928
977 -0.624103
983 -0.655481
985 -0.581598
987 -0.631724
986 -0.673063
986 -0.571044
981 -0.513897
985 -0.577933
986 -0.538225
988 -0.544108
990 -0.699678
981 -0.520932
986 -0.514683
992 -0.793923
988 -0.558700
989 -0.526506
987 -0.756653
985 -0.617468
984 -0.535224
980 -0.699549
987 -0.633209
984 -0.557153
985 -0.700883
990 -0.644619
988 -0.540041
985 -0.639034
980 -0.665098
982 -0.570393
988 -0.661212
985 -0.749831
984 -0.571530
989 -0.599119
986 -0.699323
985 -0.560051
989 -0.548633
981 -0.762395
978 -0.559871
984 -0.520629
988 -0.724721
983 -0.615592
982 -0.527326
979 -0.680410
985 -0.621118
985 -0.517809
984 -0.700090
982 -0.665070
984 -0.579887
989 -0.671357
986 -0.707947
982 -0.567426
987 -0.631754
980 -0.717856
986 -0.605426
982 -0.631445
982 -0.735542
982 -0.547811
986 -0.660913
988 -0.771195
982 -0.606369
980 -0.544504
983 -0.759296
984 -0.621452
975 -0.523434
984 -0.705755
985 -0.652669
987 -0.536246
983 -0.657794
981 -0.681592
981 -0.539148
975 -0.473801
985 -0.595764
992 -0.513531
984 -0.582726
980 -0.738380
980 -0.557668
981 -0.521813
984 -0.638423
981 -0.605017
981 -0.544294
990 -0.759976
983 -0.638830
986 -0.521012
980 -0.677149
982 -0.679953
990 -0.577552
991 -0.700524
981 -0.672605
986 -0.538789
990 -0.607698
987 -0.668390
982 -0.545734
978 -0.569084
986 -0.706523
982 -0.549131
983 -0.569210
986 -0.725002
983 -0.555790
984 -0.576027
987 -0.760520
989 -0.602405
983 -0.522148
981 -0.754747
989 -0.656076
987 -0.551207
986 -0.704624
988 -0.657984
985 -0.546392
982 -0.644165
986 -0.690613
980 -0.567070
983 -0.655292
979 -0.672119
977 -0.512401
985 -0.574058
982 -0.683647
982 -0.531346
989 -0.559627
981 -0.685272
987 -0.503943
982 -0.546719
981 -0.597409
979 -0.452950
981 -0.402971
988 -0.571167
985 -0.485118
984 -0.419381
984 -0.576240
982 -0.506166
984 -0.433699
980 -0.573572
981 -0.591991
988 -0.457322
983 -0.535968
975 -0.642249
979 -0.519122
984 -0.536568
973 -0.590513
982 -0.530486
982 -0.522930
987 -0.708897
988 -0.526446
982 -0.437302
980 -0.664858
981 -0.601620
981 -0.508276
985 -0.697891
984 -0.658942
977 -0.518127
977 -0.648778
979 -0.642575
972 -0.530035
979 -0.660194
990 -0.731044
975 -0.546277
986 -0.569127
982 -0.676469
985 -0.516313
985 -0.583566
980 -0.775565
984 -0.580360
973 -0.530339
978 -0.653994
977 -0.497119
983 -0.499014
979 -0.659015
972 -0.600630
979 -0.501068
984 -0.633047
983 -0.650535
984 -0.535650
982 -0.508628
986 -0.559967
978 -0.428731
983 -0.565272
978 -0.742421
983 -0.587448
983 -0.597142
978 -0.769488
982 -0.564827
979 -0.513230
984 -0.667020
983 -0.533983
981 -0.552060
977 -0.838200
980 -0.817224
975 -0.416659
981 -0.497023
981 -0.477336
985 -0.404337
992 -0.470316
975 -0.487786
987 -0.399097
978 -0.545487
979 -0.582420
985 -0.423651
982 -0.436075
981 -0.564407
984 -0.491053
983 -0.442496
987 -0.578956
982 -0.453507
976 -0.398954
974 -0.526789
980 -0.522258
976 -0.481868
986 -0.633928
984 -0.583070
980 -0.513538
977 -0.540874
980 -0.558680
981 -0.416969
971 -0.436495
981 -0.537657
982 -0.437474
983 -0.489326
986 -0.674357
988 -0.564156
975 -0.508855
973 -0.716276
975 -0.578905
985 -0.510001
980 -0.615422
981 -0.500786
972 -0.401989
980 -0.627097
986 -0.627371
985 -0.585699
986 -0.662713
977 -0.676724
979 -0.566636
981 -0.615477
983 -0.695381
984 -0.573743
981 -0.568242
976 -0.746942
978 -0.570753
981 -0.503068
976 -0.697519
981 -0.582977
982 -0.502988
976 -0.633520
981 -0.612569
982 -0.511350
979 -0.716870
978 -0.699118
976 -0.539575
976 -0.572503
986 -0.625455
985 -0.516974
981 -0.525045
980 -0.667705
976 -0.445602
977 -0.422854
976 -0.568522
980 -0.445230
986 -0.407158
987 -0.558223
988 -0.506062
984 -0.432199
987 -0.545863
968 -0.461839
981 -0.396316
986 -0.467048
985 -0.586096
987 -0.418870
990 -0.488878
981 -0.549196
986 -0.519478
982 -0.578806
972 -0.720636
977 -0.562153
980 -0.580358
986 -0.697789
977 -0.428134
978 -0.494774
964 -0.593910
976 -0.520186
980 -0.448863
985 -0.675638
980 -0.581521
980 -0.468578
974 -0.597811
977 -0.894825
982 -0.608499
989 -0.591489
977 -0.583682
981 -0.441557
986 -0.475081
983 -0.585789
984 -0.437046
982 -0.461102
980 -0.583211
976 -0.408912
981 -0.419740
980 -0.606363
978 -0.603568
977 -0.522221
983 -0.711271
972 -0.680812
979 -0.508718
977 -0.591452
979 -0.539260
975 -0.445274
981 -0.494818
987 -0.540741
979 -0.421014
980 -0.432335
979 -0.546050
973 -0.417630
989 -0.398639
977 -0.526980
976 -0.415644
979 -0.373690
976 -0.494034
975 -0.429467
972 -0.354789
980 -0.471208
976 -0.458494
984 -0.404154
985 -0.486031
980 -0.502130
985 -0.508944
975 -0.447967
976 -0.562086
985 -0.457243
976 -0.444797
982 -0.590500
979 -0.445635
984 -0.423270
976 -0.585229
982 -0.481129
987 -0.491125
978 -0.638465
979 -0.568131
977 -0.477814
982 -0.651474
979 -0.669569
985 -0.544809
984 -0.595226
984 -0.641577
979 -0.521823
979 -0.578498
983 -0.714149
977 -0.543060
978 -0.562540
978 -0.931603
980 -0.754859
974 -0.555183
973 -0.736275
980 -0.578875
977 -0.528858
983 -0.624385
977 -0.648271
982 -0.553982
977 -0.678187
978 -0.566341
979 -0.410582
974 -0.477086
975 -0.537304
983 -0.388856
976 -0.493514
981 -0.671266
982 -0.424184
976 -0.424951
979 -0.572818
974 -0.427805
976 -0.379330
974 -0.565969
974 -0.638683
981 -0.491035
979 -0.622419
973 -0.493859
975 -0.405544
976 -0.578706
977 -0.661383
974 -0.477172
975 -0.488522
981 -0.583389
972 -0.483205
977 -0.425935
986 -0.598691
977 -0.662761
982 -0.469263
971 -0.607451
974 -0.481078
974 -0.424328
977 -0.524301
976 -0.518298
974 -0.460684
981 -0.513796
979 -0.492577
975 -0.374313
973 -0.412122
983 -0.556455
976 -0.547931
977 -0.443703
982 -0.574518
977 -0.419542
976 -0.384099
969 -0.596668
979 -0.471898
978 -0.409421
983 -0.545949
984 -0.509386
974 -0.405253
971 -0.492176
984 -0.512767
981 -0.435417
982 -0.493169
978 -0.509351
977 -0.413918
978 -0.456632
980 -0.547959
972 -0.401663
977 -0.399730
980 -0.544767
965 -0.400414
979 -0.377737
975 -0.543362
971 -0.472995
976 -0.407859
986 -0.521260
970 -0.490037
974 -0.406510
984 -0.497507
973 -0.522146
977 -0.423328
970 -0.457151
982 -0.565274
967 -0.424633
971 -0.421403
984 -0.569730
981 -0.439307
969 -0.391164
982 -0.553084
984 -0.434851
984 -0.388370
977 -0.524592
981 -0.475643
977 -0.358178
977 -0.479451
972 -0.460655
974 -0.390607
979 -0.481933
980 -0.541306
977 -0.424777
978 -0.441805
979 -0.539826
973 -0.420761
970 -0.423304
975 -0.564274
985 -0.445538
976 -0.413136
984 -0.579062
979 -0.485204
969 -0.403229
984 -0.527708
981 -0.498192
974 -0.406555
977 -0.468100
971 -0.504574
983 -0.413262
980 -0.470200
974 -0.527784
975 -0.410462
980 -0.432160
970 -0.566983
973 -0.501920
972 -0.463456
978 -0.764112
984 -0.650076
978 -0.723981
969 -0.762175
975 -0.557772
969 -0.482502
979 -0.538378
974 -0.517857
976 -0.479782
981 -0.577374
986 -0.551830
971 -0.425606
978 -0.429775
970 -0.636809
975 -0.463348
976 -0.362708
970 -0.508606
974 -0.422979
985 -0.376284
978 -0.500948
978 -0.461678
981 -0.374095
981 -0.498884
976 -0.546513
977 -0.419117
976 -0.470501
969 -0.516975
974 -0.438795
970 -0.426583
980 -0.584895
976 -0.415570
972 -0.385214
969 -0.546269
977 -0.475877
973 -0.425326
961 -0.503147
976 -0.486462
970 -0.505769
973 -0.514912
974 -0.537326
980 -0.397780
979 -0.449816
974 -0.539194
971 -0.441492
969 -0.421689
983 -0.563519
971 -0.420735
978 -0.390785
982 -0.558964
973 -0.471188
971 -0.405033
976 -0.519238
971 -0.503468
978 -0.401613
979 -0.483864
977 -0.503111
981 -0.429938
976 -0.467116
967 -0.533194
974 -0.425358
978 -0.421910
979 -0.573712
968 -0.445231
973 -0.390229
984 -0.527321
977 -0.563709
981 -0.364610
973 -0.457879
979 -0.468550
973 -0.374008
971 -0.434617
975 -0.497072
972 -0.369992
978 -0.424994
971 -0.548799
969 -0.415767
978 -0.400565
977 -0.548861
972 -0.434310
973 -0.405905
969 -0.517612
970 -0.484251
970 -0.419657
972 -0.596945
975 -0.525764
976 -0.474111
968 -0.456278
978 -0.580891
973 -0.483511
973 -0.420947
982 -0.574234
972 -0.466074
973 -0.453024
967 -0.800237
972 -0.620478
978 -0.498455
974 -0.598103
968 -0.470688
974 -0.402168
967 -0.479705
972 -0.556737
977 -0.455030
973 -0.447680
975 -0.532097
974 -0.437282
969 -0.428787
971 -0.563988
968 -0.428998
978 -0.400174
982 -0.573298
981 -0.466771
965 -0.397623
973 -0.529138
972 -0.609831
974 -0.416374
979 -0.486349
968 -0.521659
976 -0.434686
968 -0.459266
965 -0.529752
977 -0.429270
978 -0.419498
975 -0.562980
978 -0.530117
978 -0.481816
970 -0.708914
962 -0.618731
969 -0.528079
975 -0.683151
965 -0.668159
968 -0.598930
978 -0.655866
969 -0.680573
971 -0.560963
974 -0.624655
978 -0.801993
974 -0.565651
971 -0.501096
971 -0.666610
971 -0.451399
971 -0.403708
974 -0.558020
970 -0.467090
968 -0.488975
975 -0.527793
974 -0.627044
971 -0.482056
975 -0.592044
967 -0.598421
971 -0.547184
969 -0.551132
973 -0.701765
976 -0.570319
973 -0.554789
969 -0.749929
971 -0.622473
978 -0.565767
967 -0.799087
977 -0.619700
974 -0.501000
969 -0.564041
975 -0.543600
964 -0.457857
971 -0.471679
968 -0.613883
981 -0.451390
974 -0.410447
979 -0.737998
968 -0.604230
970 -0.486198
972 -0.700336
980 -0.624129
959 -0.440716
978 -0.633763
972 -0.561634
965 -0.443427
961 -0.488502
970 -0.544802
978 -0.455177
968 -0.444861
969 -0.583473
980 -0.454877
977 -0.413839
974 -0.597258
970 -0.474131
969 -0.407190
971 -0.526982
968 -0.506252
970 -0.437730
965 -0.478302
972 -0.512490
975 -0.421424
981 -0.451687
967 -0.542754
959 -0.400193
978 -0.404475
967 -0.562557
977 -0.473281
969 -0.412953
979 -0.561532
974 -0.529111
975 -0.443078
962 -0.519518
966 -0.757977
970 -0.587559
974 -0.561071
973 -0.760433
970 -0.524235
970 -0.445775
970 -0.604128
965 -0.457164
972 -0.455021
971 -0.589508
971 -0.507233
969 -0.403838
972 -0.581777
963 -0.828425
977 -0.582156
965 -0.595717
980 -0.569739
976 -0.433995
976 -0.453125
970 -0.559275
966 -0.429079
967 -0.400778
977 -0.614736
961 -0.477620
973 -0.481229
965 -0.528232
967 -0.505762
971 -0.440927
972 -0.500307
973 -0.547571
968 -0.449195
966 -0.452889
970 -0.586823
970 -0.438735
971 -0.435798
971 -0.640362
963 -0.567926
975 -0.479637
963 -0.717424
972 -0.718949
977 -0.504194
970 -0.679971
971 -0.681836
967 -0.433860
976 -0.468814
973 -0.666484
969 -0.505484
963 -0.427259
974 -0.611667
961 -0.484654
961 -0.465336
973 -0.643472
967 -0.521792
975 -0.418907
976 -0.528279
967 -0.605074
970 -0.488386
969 -0.456691
974 -0.655001
962 -0.459921
965 -0.472831
969 -0.655260
964 -0.436194
966 -0.377376
969 -0.486421
970 -0.431590
973 -0.422456
969 -0.618196
961 -0.658524
967 -0.570488
975 -0.663772
969 -0.757971
968 -0.595324
969 -0.638456
966 -0.731024
965 -0.464466
963 -0.395317
966 -0.549595
968 -0.484982
973 -0.407120
971 -0.509808
967 -0.485998
960 -0.414193
969 -0.484074
966 -0.532636
969 -0.397952
969 -0.408774
972 -0.545545
969 -0.406957
956 -0.377222
969 -0.529539
977 -0.471337
966 -0.382359
969 -0.489920
971 -0.487064
966 -0.409568
964 -0.481218
968 -0.525108
969 -0.422570
971 -0.435896
973 -0.574265
967 -0.436406
953 -0.396947
982 -0.613737
966 -0.514740
970 -0.429384
964 -0.580562
965 -0.534990
965 -0.434250
970 -0.525402
957 -0.505614
977 -0.475292
969 -0.453177
964 -0.580699
962 -0.413751
973 -0.409968
968 -0.561574
974 -0.457805
965 -0.410434
972 -0.563428
959 -0.563314
965 -0.445346
971 -0.642735
967 -0.604883
961 -0.439758
960 -0.473945
968 -0.578230
967 -0.440683
968 -0.428510
964 -0.570990
966 -0.474806
964 -0.418765
957 -0.561660
960 -0.503588
970 -0.427743
969 -0.505660
969 -0.572946
970 -0.536591
967 -0.579262
941 -0.762757
974 -0.550495
969 -0.515132
966 -0.610029
965 -0.449681
974 -0.422063
965 -0.557687
966 -0.492447
960 -0.420002
963 -0.492553
969 -0.685795
959 -0.603911
968 -0.621986
964 -0.769276
967 -0.588156
967 -0.550714
967 -0.784726
964 -0.665710
969 -0.514205
964 -0.525491
962 -0.419354
964 -0.348928
974 -0.421596
965 -0.442544
960 -0.390178
969 -0.416847
958 -0.537420
970 -0.412688
971 -0.382773
960 -0.535113
959 -0.454531
954 -0.386851
970 -0.501436
967 -0.571376
959 -0.478371
964 -0.523780
975 -0.653333
962 -0.475875
964 -0.429543
957 -0.644745
970 -0.634132
955 -0.552064
962 -0.752218
971 -0.705786
963 -0.591033
969 -0.584376
963 -0.476149
971 -0.413718
960 -0.444873
962 -0.517133
960 -0.404030
962 -0.410718
965 -0.552437
967 -0.420931
961 -0.393926
961 -0.528438
967 -0.469865
965 -0.395229
969 -0.502344
968 -0.487765
966 -0.421315
962 -0.522916
956 -0.548880
966 -0.436316
953 -0.428228
964 -0.675781
954 -0.406092
960 -0.394377
967 -0.555130
967 -0.556558
965 -0.349258
964 -0.447694
970 -0.498458
962 -0.410380
962 -0.456612
963 -0.540976
951 -0.408324
967 -0.411072
962 -0.627813
968 -0.608388
966 -0.545996
964 -0.728502
964 -0.648825
962 -0.541484
964 -0.655486
959 -0.674333
956 -0.561011
973 -0.643105
966 -0.741210
967 -0.580758
953 -0.517428
962 -0.730942
959 -0.592420
971 -0.503504
958 -0.660637
967 -0.625103
958 -0.508515
969 -0.633654
958 -0.655631
961 -0.523044
959 -0.528461
957 -0.701492
964 -0.527511
963 -0.500419
963 -0.722349
965 -0.610647
956 -0.410745
955 -0.477557
955 -0.472902
958 -0.416866
958 -0.452813
965 -0.538621
966 -0.431676
962 -0.411545
958 -0.631591
953 -0.546067
959 -0.513657
960 -0.681312
950 -0.625315
954 -0.517077
955 -0.567651
966 -0.656047
973 -0.526290
969 -0.546401
961 -0.745908
962 -0.575034
960 -0.493918
960 -0.657915
961 -0.613690
976 -0.553253
953 -0.644218
958 -0.648575
967 -0.571856
957 -0.581270
965 -0.671156
967 -0.524083
963 -0.504712
966 -0.773772
962 -0.622130
964 -0.532715
962 -0.709363
961 -0.663024
962 -0.533090
967 -0.630877
966 -0.638075
961 -0.530327
947 -0.572641
959 -0.687166
960 -0.513965
969 -0.531792
959 -0.715979
970 -0.544508
958 -0.444336
958 -0.525990
960 -0.581400
959 -0.579617
961 -0.579331
956 -0.542415
965 -0.442163
964 -0.428676
964 -0.637320
961 -0.558338
944 -0.447804
958 -0.654061
953 -0.552784
961 -0.558067
961 -0.500684
965 -0.525857
961 -0.425305
965 -0.466375
963 -0.662151
957 -0.497021
961 -0.382751
960 -0.586299
962 -0.581811
962 -0.442053
959 -0.553980
965 -0.566584
965 -0.502946
963 -0.621744
961 -0.673119
958 -0.522820
950 -0.515674
967 -0.747400
968 -0.595061
952 -0.482657
960 -0.648128
958 -0.605131
963 -0.513552
948 -0.580368
960 -0.684997
959 -0.544738
956 -0.530047
953 -0.713459
963 -0.550207
956 -0.448492
961 -0.605331
956 -0.583451
955 -0.501509
960 -0.600488
956 -0.646962
962 -0.478176
966 -0.508826
955 -0.651284
953 -0.541860
956 -0.474754
966 -0.698527
968 -0.619668
968 -0.517548
958 -0.639930
958 -0.643511
960 -0.523779
961 -0.544620
954 -0.532321
969 -0.423776
958 -0.403751
970 -0.726301
967 -0.494144
956 -0.495709
949 -0.623215
957 -0.558032
956 -0.471967
951 -0.571190
958 -0.648862
958 -0.519658
957 -0.503542
958 -0.639198
959 -0.412299
956 -0.376094
950 -0.543797
946 -0.494279
961 -0.427877
963 -0.494370
962 -0.541747
953 -0.514121
957 -0.583196
962 -0.583707
965 -0.438903
957 -0.449952
953 -0.609144
951 -0.519428
965 -0.452898
958 -0.532395
954 -0.575918
963 -0.535154
967 -0.446357
951 -0.625712
970 -0.455629
962 -0.408111
961 -0.584583
957 -0.498748
961 -0.522700
959 -0.650571
958 -0.612757
960 -0.469918
951 -0.469930
958 -0.569141
962 -0.530609
952 -0.479175
955 -0.680329
954 -0.551175
953 -0.426544
956 -0.608460
956 -0.594278
960 -0.501329
949 -0.597901
961 -0.659554
949 -0.521166
949 -0.529984
958 -0.721524
958 -0.495239
945 -0.432125
957 -0.575578
949 -0.577784
947 -0.480103
965 -0.609079
958 -0.635113
953 -0.500146
964 -0.525869
955 -0.733854
951 -0.562207
947 -0.467772
959 -0.667095
947 -0.569745
944 -0.498761
955 -0.620181
967 -0.668385
965 -0.553934
950 -0.557157
954 -0.695335
955 -0.499428
958 -0.474712
948 -0.557970
953 -0.463683
958 -0.425629
949 -0.600764
940 -0.601349
963 -0.544425
960 -0.516134
964 -0.693781
956 -0.511071
950 -0.442885
948 -0.647278
956 -0.553051
959 -0.525377
948 -0.635110
954 -0.628478
953 -0.527676
960 -0.537888
949 -0.655308
956 -0.534872
951 -0.543532
949 -0.756417
959 -0.655802
954 -0.530310
960 -0.674275
959 -0.647347
948 -0.544565
958 -0.594784
958 -0.738950
957 -0.562215
956 -0.490851
955 -0.705499
955 -0.566923
962 -0.473511
946 -0.592293
942 -0.559343
954 -0.476200
957 -0.526231
957 -0.565336
951 -0.414515
950 -0.385449
946 -0.519046
956 -0.467294
962 -0.382605
959 -0.526320
962 -0.515799
960 -0.541128
950 -0.582174
955 -0.708297
943 -0.552893
955 -0.503523
952 -0.695527
948 -0.586695
952 -0.512918
947 -0.586220
955 -0.586168
953 -0.504382
950 -0.542615
941 -0.677570
951 -0.494415
956 -0.454548
946 -0.638418
953 -0.543355
954 -0.492136
943 -0.602422
958 -0.651084
965 -0.545028
945 -0.551119
949 -0.674286
954 -0.523270
951 -0.490518
961 -0.690534
961 -0.622013
953 -0.509187
943 -0.626423
949 -0.657803
956 -0.546694
966 -0.574136
946 -0.666190
952 -0.512384
948 -0.458398
958 -0.692591
961 -0.601569
963 -0.514370
954 -0.620748
963 -0.594848
949 -0.472439
950 -0.526262
938 -0.628353
954 -0.433013
955 -0.458829
951 -0.612241
946 -0.568279
952 -0.503973
945 -0.610810
946 -0.604556
948 -0.498308
952 -0.419001
948 -0.560688
949 -0.448816
950 -0.399186
947 -0.522282
957 -0.524989
945 -0.450374
959 -0.559074
942 -0.828085
954 -0.526137
951 -0.466741
956 -0.532504
951 -0.455907
954 -0.402749
967 -0.532734
945 -0.441233
944 -0.398728
948 -0.519540
950 -0.606374
951 -0.440311
954 -0.520627
949 -0.708649
942 -0.559943
951 -0.487570
947 -0.634679
961 -0.734593
959 -0.584289
950 -0.545187
941 -0.611036
951 -0.398699
948 -0.410089
943 -0.594628
948 -0.463321
941 -0.353423
948 -0.397172
943 -0.412961
948 -0.343539
944 -0.369456
943 -0.526347
945 -0.380120
956 -0.390809
955 -0.557290
956 -0.457028
933 -0.350340
939 -0.452705
939 -0.457534
952 -0.415523
943 -0.405902
943 -0.513708
950 -0.372193
955 -0.373361
935 -0.490156
951 -0.468017
947 -0.391574
952 -0.448345
952 -0.537373
947 -0.392983
943 -0.342653
946 -0.435306
955 -0.366762
945 -0.330188
947 -0.451905
941 -0.500560
956 -0.400944
948 -0.371526
948 -0.503486
955 -0.399960
947 -0.368893
949 -0.581010
938 -0.445843
948 -0.426033
941 -0.516215
945 -0.531810
947 -0.439066
955 -0.415991
944 -0.554133
954 -0.433107
942 -0.381284
947 -0.510989
952 -0.458673
933 -0.383686
946 -0.418575
948 -0.492991
952 -0.397371
949 -0.353949
953 -0.573886
945 -0.449896
953 -0.381998
946 -0.468623
941 -0.500544
962 -0.411984
949 -0.439460
950 -0.529324
953 -0.419978
942 -0.373815
936 -0.536387
945 -0.445693
943 -0.372042
951 -0.493763
956 -0.498973
932 -0.426916
960 -0.546478
938 -0.681731
942 -0.538206
930 -0.472034
941 -0.525418
937 -0.365498
943 -0.302860
941 -0.368665
952 -0.512292
940 -0.385961
943 -0.429624
933 -0.633976
945 -0.591340
943 -0.474896
946 -0.608314
937 -0.609637
945 -0.515915
944 -0.525975
942 -0.686780
942 -0.571982
944 -0.500713
950 -0.748960
952 -0.618390
931 -0.501500
939 -0.568824
946 -0.708379
941 -0.525351
944 -0.505415
945 -0.650871
940 -0.441660
946 -0.358999
954 -0.472798
931 -0.439023
938 -0.336295
963 -0.406735
949 -0.520634
935 -0.377526
952 -0.355230
937 -0.519338
935 -0.535759
946 -0.399233
945 -0.451490
949 -0.509490
944 -0.401419
950 -0.389660
937 -0.525968
950 -0.458012
947 -0.395264
941 -0.533376
950 -0.583162
954 -0.460620
949 -0.444470
936 -0.518736
933 -0.394877
939 -0.508318
938 -0.518905
936 -0.408829
952 -0.374446
930 -0.435536
936 -0.451830
949 -0.378258
943 -0.371927
929 -0.670574
935 -0.572382
939 -0.447387
937 -0.593171
945 -0.489019
934 -0.345321
942 -0.346125
943 -0.614088
941 -0.426631
949 -0.440268
934 -0.531520
938 -0.469019
939 -0.426013
958 -0.634346
942 -0.604228
950 -0.432842
937 -0.594487
936 -0.720170
932 -0.605588
943 -0.463885
937 -0.551997
938 -0.475638
943 -0.369720
942 -0.363978
945 -0.652849
941 -0.530949
939 -0.417844
936 -0.476514
937 -0.489887
937 -0.379932
943 -0.386064
944 -0.682122
939 -0.576054
943 -0.512677
942 -0.674698
942 -0.608292
938 -0.442738
944 -0.445900
934 -0.500899
937 -0.389227
941 -0.368077
944 -0.514157
932 -0.408474
941 -0.344452
942 -0.526297
950 -0.506576
941 -0.378458
944 -0.376082
945 -0.519732
941 -0.401340
943 -0.371302
939 -0.478993
939 -0.449348
939 -0.377250
942 -0.410555
932 -0.497092
933 -0.379184
934 -0.371519
935 -0.488667
943 -0.447175
935 -0.392782
939 -0.435041
946 -0.508123
945 -0.402536
937 -0.368435
935 -0.523367
933 -0.435501
940 -0.383733
944 -0.484804
940 -0.439845
940 -0.331655
933 -0.330895
946 -0.487595
941 -0.387611
940 -0.343311
930 -0.436756
934 -0.431092
943 -0.376357
937 -0.386069
939 -0.483665
935 -0.348272
947 -0.338836
934 -0.482739
941 -0.427963
938 -0.360991
935 -0.398372
936 -0.492064
943 -0.380036
940 -0.347952
923 -0.497386
931 -0.430176
953 -0.408901
947 -0.448523
943 -0.530840
936 -0.460805
939 -0.528883
937 -0.724147
938 -0.586281
921 -0.476234
944 -0.618410
928 -0.615369
935 -0.540952
927 -0.527867
940 -0.619266
941 -0.426933
942 -0.352833
928 -0.433047
943 -0.450467
941 -0.374812
940 -0.379656
934 -0.497694
941 -0.392533
936 -0.353741
936 -0.476888
942 -0.444442
928 -0.365918
934 -0.389184
938 -0.469300
933 -0.359127
937 -0.337544
923 -0.446491
938 -0.406166
929 -0.339560
931 -0.385449
938 -0.452109
939 -0.337276
927 -0.336930
936 -0.481369
935 -0.388941
946 -0.351721
925 -0.381805
936 -0.452683
940 -0.360558
930 -0.328133
938 -0.486780
930 -0.383249
936 -0.346670
933 -0.428166
944 -0.469073
940 -0.372474
939 -0.368453
935 -0.488112
932 -0.364019
929 -0.308105
916 -0.396622
938 -0.431214
941 -0.347751
931 -0.327214
930 -0.464172
935 -0.378109
934 -0.339403
934 -0.456999
937 -0.443513
931 -0.370029
935 -0.371030
937 -0.493616
943 -0.390947
936 -0.356531
918 -0.464507
923 -0.421245
932 -0.362800
931 -0.381781
932 -0.497649
938 -0.396615
934 -0.361484
925 -0.455869
924 -0.388011
931 -0.338277
946 -0.374371
945 -0.492077
942 -0.363302
943 -0.323978
936 -0.458389
934 -0.394424
924 -0.333352
938 -0.387330
919 -0.459582
929 -0.343726
921 -0.311684
928 -0.452423
933 -0.379002
940 -0.351748
918 -0.357038
935 -0.480358
935 -0.352274
936 -0.330891
924 -0.451878
929 -0.390116
936 -0.344577
925 -0.368590
930 -0.456007
937 -0.337778
931 -0.308137
926 -0.426248
949 -0.403860
925 -0.336221
914 -0.371959
931 -0.460943
930 -0.350266
930 -0.307853
928 -0.469477
920 -0.393968
924 -0.347756
921 -0.385418
934 -0.470495
927 -0.355299
936 -0.337901
933 -0.467261
934 -0.406626
930 -0.342071
926 -0.390902
919 -0.438275
935 -0.353933
932 -0.330143
942 -0.484893
934 -0.401488
926 -0.311140
930 -0.376354
931 -0.423994
937 -0.346977
929 -0.316301
934 -0.449630
921 -0.384143
930 -0.322722
930 -0.378237
938 -0.472022
923 -0.367928
934 -0.353404
912 -0.464859
928 -0.403315
925 -0.341551
941 -0.433857
924 -0.478450
930 -0.384697
930 -0.513118
929 -0.532531
926 -0.428210
933 -0.375888
929 -0.418695
924 -0.463433
935 -0.376988
923 -0.325986
927 -0.466479
932 -0.393235
913 -0.319945
921 -0.388561
936 -0.444992
933 -0.357240
924 -0.316382
933 -0.478501
940 -0.413211
930 -0.344643
924 -0.411351
925 -0.451157
913 -0.327953
936 -0.331920
926 -0.471109
923 -0.401146
928 -0.361059
924 -0.387426
922 -0.451913
924 -0.350042
931 -0.345923
935 -0.483067
938 -0.400605
927 -0.315845
924 -0.359759
928 -0.417355
903 -0.285709
922 -0.293787
897 -0.386446
922 -0.372304
913 -0.308812
925 -0.316018
928 -0.450663
923 -0.354945
934 -0.337472
906 -0.402298
936 -0.438319
919 -0.365484
932 -0.391879
929 -0.515291
920 -0.380761
934 -0.365248
942 -0.474828
936 -0.426987
901 -0.330216
916 -0.363215
915 -0.494396
931 -0.414251
929 -0.335246
909 -0.390706
924 -0.420376
926 -0.334231
938 -0.331094
918 -0.443422
914 -0.361707
931 -0.304909
934 -0.412957
930 -0.448560
927 -0.340517
917 -0.297215
921 -0.468609
914 -0.331606
922 -0.305474
928 -0.404876
918 -0.434384
931 -0.362506
926 -0.333801
918 -0.473569
927 -0.410731
925 -0.353681
933 -0.402821
924 -0.468578
926 -0.363142
927 -0.319223
942 -0.465888
909 -0.360033
915 -0.317251
929 -0.377052
917 -0.447084
929 -0.366518
920 -0.329418
923 -0.446768
913 -0.405153
921 -0.363204
920 -0.382062
919 -0.489035
912 -0.371953
922 -0.347667
933 -0.463529
918 -0.440489
910 -0.357326
923 -0.348978
919 -0.489337
919 -0.391080
919 -0.330870
927 -0.381374
914 -0.434484
919 -0.340584
918 -0.276768
904 -0.416466
900 -0.428814
923 -0.313554
915 -0.343532
922 -0.456915
913 -0.314227
910 -0.281554
926 -0.442492
904 -0.409484
934 -0.371323
907 -0.359901
916 -0.510156
914 -0.490369
917 -0.377828
933 -0.547966
916 -0.602766
900 -0.478597
928 -0.461036
917 -0.621348
916 -0.587951
927 -0.381908
911 -0.399394
921 -0.499095
917 -0.366528
907 -0.312139
915 -0.430505
913 -0.405022
909 -0.335415
913 -0.323817
930 -0.488909
909 -0.374927
921 -0.332026
903 -0.396703
923 -0.464382
917 -0.355917
913 -0.319482
924 -0.485031
913 -0.379528
914 -0.345887
916 -0.404249
913 -0.473815
911 -0.358498
936 -0.362264
917 -0.479235
913 -0.423756
903 -0.351033
922 -0.380126
936 -0.506257
922 -0.374669
925 -0.323692
903 -0.414933
928 -0.408442
926 -0.319563
905 -0.294592
894 -0.442101
920 -0.480612
923 -0.337073
901 -0.458763
904 -0.614540
915 -0.481610
922 -0.414120
901 -0.614302
916 -0.539166
915 -0.382360
900 -0.374528
906 -0.624684
903 -0.363681
917 -0.405335
921 -0.493809
899 -0.461560
929 -0.399699
913 -0.386209
920 -0.488814
904 -0.368305
916 -0.317760
909 -0.360823
911 -0.436590
924 -0.325417
917 -0.312891
902 -0.450681
907 -0.494281
923 -0.499025
920 -0.406249
924 -0.560335
909 -0.413576
917 -0.373719
909 -0.455116
916 -0.466491
911 -0.394059
914 -0.348885
916 -0.507248
912 -0.407291
905 -0.347698
918 -0.406153
926 -0.524636
920 -0.390372
907 -0.348129
902 -0.480084
902 -0.411573
903 -0.359927
921 -0.348839
898 -0.521199
910 -0.420624
908 -0.352051
906 -0.363033
916 -0.446332
909 -0.359210
918 -0.336289
905 -0.476334
901 -0.404824
916 -0.462392
908 -0.397519
905 -0.485832
908 -0.461179
912 -0.358910
912 -0.438599
916 -0.524525
902 -0.402327
906 -0.380227
901 -0.595189
903 -0.615839
911 -0.385226
899 -0.361195
905 -0.644634
927 -0.423356
893 -0.295035
898 -0.375310
913 -0.442230
903 -0.326718
902 -0.304548
912 -0.457171
911 -0.394624
911 -0.342602
904 -0.391250
913 -0.498970
910 -0.364109
911 -0.339492
902 -0.426365
911 -0.475825
904 -0.365780
908 -0.329527
913 -0.478052
897 -0.401385
913 -0.362558
916 -0.373917
908 -0.472293
906 -0.366618
912 -0.340632
898 -0.400956
916 -0.440003
917 -0.387427
904 -0.372098
918 -0.524314
903 -0.395054
922 -0.372112
915 -0.513517
918 -0.622677
916 -0.507834
898 -0.424031
900 -0.462079
893 -0.492873
911 -0.351213
907 -0.328814
898 -0.573427
906 -0.439830
893 -0.351031
900 -0.421638
923 -0.702168
908 -0.435928
913 -0.475271
888 -0.588159
917 -0.619507
901 -0.483650
909 -0.403281
903 -0.574569
898 -0.474043
899 -0.423307
902 -0.443625
903 -0.600662
903 -0.474283
895 -0.473342
918 -0.552254
896 -0.707368
901 -0.403143
892 -0.354183
904 -0.605654
908 -0.499526
914 -0.413901
900 -0.444333
916 -0.650910
914 -0.532225
909 -0.455087
906 -0.524172
884 -0.583308
886 -0.440757
908 -0.430657
895 -0.542352
913 -0.576976
897 -0.383035
902 -0.335241
904 -0.661155
909 -0.460119
883 -0.403281
891 -0.366472
890 -0.549892
903 -0.380733
897 -0.320447
896 -0.413069
909 -0.585779
909 -0.447836
888 -0.309558
909 -0.516944
899 -0.386808
881 -0.324742
903 -0.342770
908 -0.482793
900 -0.446171
913 -0.333537
895 -0.389485
889 -0.443137
907 -0.347862
888 -0.291060
902 -0.417167
902 -0.363271
892 -0.297158
883 -0.277968
890 -0.434656
896 -0.346891
898 -0.309692
897 -0.430737
908 -0.526938
899 -0.340384
883 -0.294403
905 -0.422662
887 -0.443207
905 -0.351407
894 -0.317026
895 -0.447451
909 -0.424385
897 -0.344473
899 -0.345958
896 -0.476671
908 -0.392004
903 -0.337634
887 -0.355941
897 -0.466646
909 -0.370217
918 -0.343934
902 -0.408790
904 -0.402024
897 -0.314312
891 -0.293037
894 -0.421862
908 -0.384584
903 -0.323345
895 -0.339342
899 -0.453708
896 -0.364581
884 -0.317695
892 -0.374418
896 -0.466823
903 -0.354004
902 -0.326473
909 -0.445585
902 -0.429205
901 -0.355744
900 -0.337016
892 -0.480693
901 -0.394439
874 -0.324865
888 -0.354589
898 -0.477849
909 -0.386798
888 -0.295373
900 -0.376302
899 -0.431246
905 -0.333880
898 -0.305979
891 -0.420400
899 -0.388048
905 -0.341924
895 -0.310855
903 -0.483463
900 -0.385636
875 -0.321037
893 -0.357132
881 -0.459831
888 -0.362495
900 -0.351061
890 -0.392478
899 -0.475660
898 -0.356656
892 -0.331168
900 -0.444170
888 -0.414428
887 -0.339042
895 -0.327299
884 -0.462909
906 -0.384884
887 -0.310187
886 -0.323341
905 -0.457691
885 -0.336184
890 -0.299018
903 -0.373820
883 -0.424249
905 -0.340729
888 -0.315813
887 -0.425424
890 -0.420073
888 -0.335385
889 -0.299756
886 -0.440806
897 -0.398668
908 -0.357820
900 -0.358795
898 -0.477044
884 -0.363147
887 -0.332683
889 -0.380109
892 -0.476221
874 -0.341761
890 -0.325814
884 -0.374747
896 -0.428929
901 -0.334378
886 -0.298485
879 -0.408678
894 -0.392644
886 -0.325758
890 -0.307339
889 -0.445804
888 -0.371868
891 -0.334872
875 -0.312274
889 -0.447959
876 -0.334362
879 -0.298135
893 -0.364813
880 -0.450037
885 -0.357389
882 -0.316065
881 -0.369152
877 -0.423963
874 -0.316322
872 -0.280264
899 -0.386847
891 -0.421302
897 -0.317745
903 -0.301859
895 -0.421139
898 -0.374537
903 -0.320987
889 -0.287634
885 -0.422752
887 -0.344451
864 -0.278172
885 -0.339209
867 -0.428531
876 -0.343060
887 -0.317440
884 -0.355744
875 -0.423252
880 -0.322393
875 -0.283772
872 -0.343164
873 -0.406065
877 -0.303509
875 -0.296327
894 -0.391658
893 -0.428842
892 -0.338371
894 -0.310136
895 -0.404066
895 -0.367819
859 -0.278046
897 -0.289528
874 -0.407425
867 -0.317199
888 -0.304583
893 -0.307064
861 -0.398606
897 -0.362486
884 -0.314049
860 -0.298972
886 -0.436638
874 -0.331972
881 -0.303241
862 -0.320911
890 -0.448558
882 -0.346906
872 -0.297705
882 -0.366903
882 -0.438517
882 -0.326621
876 -0.297786
893 -0.402794
871 -0.397609
882 -0.306174
870 -0.275943
882 -0.383310
878 -0.393009
879 -0.314505
876 -0.282558
864 -0.386189
885 -0.369304
872 -0.296143
888 -0.307526
887 -0.422531
865 -0.345275
873 -0.297019
872 -0.253594
871 -0.404266
866 -0.335672
878 -0.293856
879 -0.285545
876 -0.426471
875 -0.327906
876 -0.303687
879 -0.295026
881 -0.423839
882 -0.333494
881 -0.278572
882 -0.297096
869 -0.375645
886 -0.298189
871 -0.237143
872 -0.293798
868 -0.372129
880 -0.297133
872 -0.253584
881 -0.346026
876 -0.417034
873 -0.297471
883 -0.285899
876 -0.356956
876 -0.393996
869 -0.307818
862 -0.283825
886 -0.388905
867 -0.405033
872 -0.325333
875 -0.297266
874 -0.401638
872 -0.398875
880 -0.332149
862 -0.290423
885 -0.393781
883 -0.364941
869 -0.288639
879 -0.275297
885 -0.407878
872 -0.337237
868 -0.285446
889 -0.304493
873 -0.415887
864 -0.352100
868 -0.301584
862 -0.286132
868 -0.420911
871 -0.332464
881 -0.311295
875 -0.318449
873 -0.445654
862 -0.334281
859 -0.302446
868 -0.318735
894 -0.463211
865 -0.332438
864 -0.286387
864 -0.292529
852 -0.370018
871 -0.301622
878 -0.284016
874 -0.274709
859 -0.372958
862 -0.284288
873 -0.270990
872 -0.300842
879 -0.405004
865 -0.304302
878 -0.308053
847 -0.293965
848 -0.396102
885 -0.348605
891 -0.302652
874 -0.331480
870 -0.418229
869 -0.333274
864 -0.291905
861 -0.333856
880 -0.436340
883 -0.338935
847 -0.273702
870 -0.348311
865 -0.422662
873 -0.324430
864 -0.264492
865 -0.313176
862 -0.394270
842 -0.257799
853 -0.231997
864 -0.279743
884 -0.405050
864 -0.298069
861 -0.269924
898 -0.374267
868 -0.406657
865 -0.318754
870 -0.270623
862 -0.306749
858 -0.383045
879 -0.311259
862 -0.280484
849 -0.317725
849 -0.401112
858 -0.311363
876 -0.290843
846 -0.294751
863 -0.399723
864 -0.309140
872 -0.256790
854 -0.267099
857 -0.366955
872 -0.301141
864 -0.241626
867 -0.272096
878 -0.383613
865 -0.269576
881 -0.247901
853 -0.281768
873 -0.396385
846 -0.277208
865 -0.267712
856 -0.298962
851 -0.384180
872 -0.331522
851 -0.269380
865 -0.499455
863 -0.496262
860 -0.345473
866 -0.306907
870 -0.352848
856 -0.431319
858 -0.348274
863 -0.318770
851 -0.326899
869 -0.465418
866 -0.352437
872 -0.323624
862 -0.335873
871 -0.479952
867 -0.329226
870 -0.411071
864 -0.283205
863 -0.393080
855 -0.303142
852 -0.277902
858 -0.290911
848 -0.395076
852 -0.396440
864 -0.304174
850 -0.281138
853 -0.408625
866 -0.340552
841 -0.283009
839 -0.256833
858 -0.403304
862 -0.348214
871 -0.308562
874 -0.282789
862 -0.391226
861 -0.358957
851 -0.410306
841 -0.252368
878 -0.393020
854 -0.341960
856 -0.279788
848 -0.245662
853 -0.351844
854 -0.373552
855 -0.317149
860 -0.287526
860 -0.391787
861 -0.393472
870 -0.322834
862 -0.299890
865 -0.384607
842 -0.369534
872 -0.316478
853 -0.276065
842 -0.348072
856 -0.393256
865 -0.318753
851 -0.277637
846 -0.343059
858 -0.394811
853 -0.277586
859 -0.258480
865 -0.329198
842 -0.371930
838 -0.263322
859 -0.259840
852 -0.299819
834 -0.361331
840 -0.297568
850 -0.272696
873 -0.313179
838 -0.387613
855 -0.286335
853 -0.268091
852 -0.263736
846 -0.386258
857 -0.330273
850 -0.276611
856 -0.254162
861 -0.421050
864 -0.362946
844 -0.285490
850 -0.260044
847 -0.366398
842 -0.294888
845 -0.246569
848 -0.223233
846 -0.332007
851 -0.337885
848 -0.265218
869 -0.249952
851 -0.350410
853 -0.345502
851 -0.277784
839 -0.248325
848 -0.318809
853 -0.378923
852 -0.273870
854 -0.263202
849 -0.429752
844 -0.493120
844 -0.302238
837 -0.251612
857 -0.320219
849 -0.405480
851 -0.296746
852 -0.274620
838 -0.293759
848 -0.408477
853 -0.307196
851 -0.281614
838 -0.238759
862 -0.400058
849 -0.314128
842 -0.270508
852 -0.270577
865 -0.403191
846 -0.349732
861 -0.321281
856 -0.285988
842 -0.383019
851 -0.377598
839 -0.289672
860 -0.280292
818 -0.317700
853 -0.403902
841 -0.291388
850 -0.281077
859 -0.357435
851 -0.412170
844 -0.275818
833 -0.254692
844 -0.312928
861 -0.400005
842 -0.275802
864 -0.266248
848 -0.267704
844 -0.377110
838 -0.262559
834 -0.238135
842 -0.229688
847 -0.380322
844 -0.308517
848 -0.298172
850 -0.291094
836 -0.397750
842 -0.365128
838 -0.295909
829 -0.270588
838 -0.365272
854 -0.411434
860 -0.324061
848 -0.290487
856 -0.374808
825 -0.394757
836 -0.309210
821 -0.272747
841 -0.320520
840 -0.405062
839 -0.290145
836 -0.235251
839 -0.254336
848 -0.385554
831 -0.296896
839 -0.277591
833 -0.255913
843 -0.385331
832 -0.366853
843 -0.285290
840 -0.258130
837 -0.348912
838 -0.372772
850 -0.291392
831 -0.257771
832 -0.298661
834 -0.417717
854 -0.340776
833 -0.288467
830 -0.293947
842 -0.426779
842 -0.342863
833 -0.321497
849 -0.312233
823 -0.455140
828 -0.493111
846 -0.385882
843 -0.279856
827 -0.328573
826 -0.349683
834 -0.292438
841 -0.319264
836 -0.310806
831 -0.403493
838 -0.311068
817 -0.265712
831 -0.261112
842 -0.372478
828 -0.309455
844 -0.292976
819 -0.247971
815 -0.336132
837 -0.376491
829 -0.288976
826 -0.262058
822 -0.307461
838 -0.398861
832 -0.292751
835 -0.259841
828 -0.272751
850 -0.393159
837 -0.280809
831 -0.247686
831 -0.249209
829 -0.364240
816 -0.295513
822 -0.264207
822 -0.248102
828 -0.340174
843 -0.383808
820 -0.277088
834 -0.265750
841 -0.310594
831 -0.389379
853 -0.321461
840 -0.285824
822 -0.284624
835 -0.409780
821 -0.307471
822 -0.279980
833 -0.265313
831 -0.371952
832 -0.358536
829 -0.269578
818 -0.240189
814 -0.290932
822 -0.359852
826 -0.389150
810 -0.244230
830 -0.364401
813 -0.379872
810 -0.301537
824 -0.277825
816 -0.260163
827 -0.349387
823 -0.372341
825 -0.285484
821 -0.255092
832 -0.321638
839 -0.418041
816 -0.295090
827 -0.283272
820 -0.239811
827 -0.378274
843 -0.359721
820 -0.310038
822 -0.298884
818 -0.312424
822 -0.336635
840 -0.255539
811 -0.205382
823 -0.226420
821 -0.420147
832 -0.280137
814 -0.222564
847 -0.223435
825 -0.493497
813 -0.429420
828 -0.343280
819 -0.291780
826 -0.392225
828 -0.530964
811 -0.393912
823 -0.395936
831 -0.396635
815 -0.535922
812 -0.461475
807 -0.392487
812 -0.307647
812 -0.386508
814 -0.476464
803 -0.341767
812 -0.326975
810 -0.340719
819 -0.520735
824 -0.470643
800 -0.345410
814 -0.322017
793 -0.411753
802 -0.478687
830 -0.366486
818 -0.384574
834 -0.389814
800 -0.455687
821 -0.408367
825 -0.350294
812 -0.355916
826 -0.437409
813 -0.521717
803 -0.421518
816 -0.381336
820 -0.404620
818 -0.512482
810 -0.385652
825 -0.323949
814 -0.299761
804 -0.368913
822 -0.350080
811 -0.284503
827 -0.268963
821 -0.318184
811 -0.400025
827 -0.307759
795 -0.253558
826 -0.265316
815 -0.357749
825 -0.357097
826 -0.314975
820 -0.290424
798 -0.304708
811 -0.374770
797 -0.263721
811 -0.292921
827 -0.274338
807 -0.366601
826 -0.334203
830 -0.323542
804 -0.255256
814 -0.332971
816 -0.378089
817 -0.300473
813 -0.283146
811 -0.359495
818 -0.468574
789 -0.318836
812 -0.280926
803 -0.294915
813 -0.473353
812 -0.441637
818 -0.257967
795 -0.226538
840 -0.308945
815 -0.444634
806 -0.328659
814 -0.315949
804 -0.272878
803 -0.347533
794 -0.378806
807 -0.301464
815 -0.266130
807 -0.294798
798 -0.380735
797 -0.305734
811 -0.282643
807 -0.264473
814 -0.368047
802 -0.386912
804 -0.294745
811 -0.245669
814 -0.283330
802 -0.382088
791 -0.322759
816 -0.292488
804 -0.257662
817 -0.366824
795 -0.410347
798 -0.268276
792 -0.255454
803 -0.255988
806 -0.340291
789 -0.327381
813 -0.289403
812 -0.323849
801 -0.366378
801 -0.377273
792 -0.291876
791 -0.262912
793 -0.244928
822 -0.471447
786 -0.349700
796 -0.270765
813 -0.288954
801 -0.256328
798 -0.348799
805 -0.331160
796 -0.241410
801 -0.226403
799 -0.277017
797 -0.350034
777 -0.232185
800 -0.242918
792 -0.229223
789 -0.321728
804 -0.352663
795 -0.229641
802 -0.226113
802 -0.240761
803 -0.357270
793 -0.308187
798 -0.263583
806 -0.259495
805 -0.308624
806 -0.359391
793 -0.254974
797 -0.245311
799 -0.235673
805 -0.342102
803 -0.319755
784 -0.209495
787 -0.225357
782 -0.250433
804 -0.370391
770 -0.253172
807 -0.260184
777 -0.204232
795 -0.280461
791 -0.379657
787 -0.257495
784 -0.236607
777 -0.211887
778 -0.318160
781 -0.352378
786 -0.256165
822 -0.261087
785 -0.225692
777 -0.309863
795 -0.295574
794 -0.250057
805 -0.229609
772 -0.250976
786 -0.362848
780 -0.274095
804 -0.246430
787 -0.235051
806 -0.300577
814 -0.439903
805 -0.241720
783 -0.225356
773 -0.201898
772 -0.341938
797 -0.347851
782 -0.269614
797 -0.321421
780 -0.274089
792 -0.437186
769 -0.309105
796 -0.251023
804 -0.252184
800 -0.337779
777 -0.342706
791 -0.333505
791 -0.295009
761 -0.213257
791 -0.410275
778 -0.416639
778 -0.358281
771 -0.237202
789 -0.227043
787 -0.342204
793 -0.302014
774 -0.262886
780 -0.216413
775 -0.234731
785 -0.395464
776 -0.291376
792 -0.232712
784 -0.218807
778 -0.296512
786 -0.375748
794 -0.275423
788 -0.250495
772 -0.214960
775 -0.329828
781 -0.395462
767 -0.237805
777 -0.269015
796 -0.234504
794 -0.440230
779 -0.369501
780 -0.243898
786 -0.240096
791 -0.282497
783 -0.370310
770 -0.281647
754 -0.299827
781 -0.275239
779 -0.254540
774 -0.418134
788 -0.301120
776 -0.239005
784 -0.228994
778 -0.227612
760 -0.315453
769 -0.214747
792 -0.251838
772 -0.213740
795 -0.299586
765 -0.471430
759 -0.265122
772 -0.330054
777 -0.269335
760 -0.394334
773 -0.421336
762 -0.279831
766 -0.230188
773 -0.229971
766 -0.288635
775 -0.370720
769 -0.236485
796 -0.274831
773 -0.209445
780 -0.332648
765 -0.282495
760 -0.211363
760 -0.188966
772 -0.205031
778 -0.298512
770 -0.306569
768 -0.274349
754 -0.286033
756 -0.232806
776 -0.358640
751 -0.365600
761 -0.344931
771 -0.291839
760 -0.264606
780 -0.385743
773 -0.459594
766 -0.263200
759 -0.207115
759 -0.217691
764 -0.305014
768 -0.405006
767 -0.202339
776 -0.280097
767 -0.302133
761 -0.317159
784 -0.312397
759 -0.185679
778 -0.200947
764 -0.196608
770 -0.325760
745 -0.302139
746 -0.223569
763 -0.333592
776 -0.197580
771 -0.289656
755 -0.278861
769 -0.217687
783 -0.217570
751 -0.182859
762 -0.308858
762 -0.350917
759 -0.210932
765 -0.205674
770 -0.260926
749 -0.267028
758 -0.285889
762 -0.187346
757 -0.167554
767 -0.170660
777 -0.301430
759 -0.300369
758 -0.188380
767 -0.189382
753 -0.177301
766 -0.273156
769 -0.318827
759 -0.214720
769 -0.196603
746 -0.172467
762 -0.283551
754 -0.357058
760 -0.203280
755 -0.187379
761 -0.171800
757 -0.241308
767 -0.401215
750 -0.237036
737 -0.186315
779 -0.193973
767 -0.228887
764 -0.272319
763 -0.253681
742 -0.147648
751 -0.140363
755 -0.200461
751 -0.246085
778 -0.193619
744 -0.151317
747 -0.164038
738 -0.205960
760 -0.356341
751 -0.234321
772 -0.198982
759 -0.169649
742 -0.198442
756 -0.333872
757 -0.268307
748 -0.185956
743 -0.178578
745 -0.199969
760 -0.292643
743 -0.248616
735 -0.196382
743 -0.173468
747 -0.147914
752 -0.257070
736 -0.238311
729 -0.169700
737 -0.164924
741 -0.154311
750 -0.224655
769 -0.296367
726 -0.179161
744 -0.189588
761 -0.181775
754 -0.239173
743 -0.286041
745 -0.205300
729 -0.188678
764 -0.188012
739 -0.188821
751 -0.283466
751 -0.246522
757 -0.205739
732 -0.166119
735 -0.182842
767 -0.299736
737 -0.256557
751 -0.202969
735 -0.156767
724 -0.129050
759 -0.243852
752 -0.251747
746 -0.149285
743 -0.154608
747 -0.138135
743 -0.203063
728 -0.250049
747 -0.199559
748 -0.194735
738 -0.164174
749 -0.207777
732 -0.259103
745 -0.226363
755 -0.200115
728 -0.163845
745 -0.189142
721 -0.250445
721 -0.241790
743 -0.197238
742 -0.179954
722 -0.157111
736 -0.246575
744 -0.258894
739 -0.151073
729 -0.148533
743 -0.141528
730 -0.172999
738 -0.236731
730 -0.184914
735 -0.159041
735 -0.137757
741 -0.170577
721 -0.244901
737 -0.261820
734 -0.177664
733 -0.164400
762 -0.171444
719 -0.216356
703 -0.235792
742 -0.202589
746 -0.186970
699 -0.135713
738 -0.199507
733 -0.281439
717 -0.242409
731 -0.207524
723 -0.176108
748 -0.168015
729 -0.240832
733 -0.270376
705 -0.152466
737 -0.168049
723 -0.145959
718 -0.174682
745 -0.269067
715 -0.197112
732 -0.196678
733 -0.183990
746 -0.192241
721 -0.259881
721 -0.265796
724 -0.181260
720 -0.180163
715 -0.166649
714 -0.203367
711 -0.261426
709 -0.221140
729 -0.197636
723 -0.166356
735 -0.166089
715 -0.237131
712 -0.247839
743 -0.291889
711 -0.166325
707 -0.182602
718 -0.260544
716 -0.243331
710 -0.259494
730 -0.213440
722 -0.144628
717 -0.148961
711 -0.224941
715 -0.258817
720 -0.242929
724 -0.227179
718 -0.167465
724 -0.191153
707 -0.257920
722 -0.273032
720 -0.204678
726 -0.189697
719 -0.176048
726 -0.244570
700 -0.265574
711 -0.216294
720 -0.198841
713 -0.150536
706 -0.133185
716 -0.224906
727 -0.244511
717 -0.167961
726 -0.162779
716 -0.142705
713 -0.182020
718 -0.244000
687 -0.180656
708 -0.180233
694 -0.148902
736 -0.177540
714 -0.226389
726 -0.253724
707 -0.173320
725 -0.179800
714 -0.152175
710 -0.166743
704 -0.239896
735 -0.262976
719 -0.181943
711 -0.158065
706 -0.152635
715 -0.212543
707 -0.233886
715 -0.187939
701 -0.141655
727 -0.139956
716 -0.127534
685 -0.175391
707 -0.209527
721 -0.159539
702 -0.129867
712 -0.141330
699 -0.148653
702 -0.229029
690 -0.226182
729 -0.172144
707 -0.153367
706 -0.151389
711 -0.191018
690 -0.224569
722 -0.238484
706 -0.164131
688 -0.134555
710 -0.153669
709 -0.206443
696 -0.241467
696 -0.191499
698 -0.147469
683 -0.099308
690 -0.115037
695 -0.181861
695 -0.209767
713 -0.166708
691 -0.120987
707 -0.108299
706 -0.113675
693 -0.225271
707 -0.250887
696 -0.141654
693 -0.156251
714 -0.143423
698 -0.138805
691 -0.218521
694 -0.232710
698 -0.154474
710 -0.161462
699 -0.149598
694 -0.153973
695 -0.226407
700 -0.232008
703 -0.166874
675 -0.133534
691 -0.122401
689 -0.137661
686 -0.189429
693 -0.194640
702 -0.135850
698 -0.119012
704 -0.116623
667 -0.117598
694 -0.207135
698 -0.221526
712 -0.172342
700 -0.144444
701 -0.141925
674 -0.149196
689 -0.225510
684 -0.209188
692 -0.157646
691 -0.187997
681 -0.146070
710 -0.189428
674 -0.215215
687 -0.210407
687 -0.148050
676 -0.152292
681 -0.181760
677 -0.190921
688 -0.199415
685 -0.191317
675 -0.109899
681 -0.111881
693 -0.109688
673 -0.104448
678 -0.178811
699 -0.201305
670 -0.133798
684 -0.143066
687 -0.131952
670 -0.161961
683 -0.219006
680 -0.226220
698 -0.159784
689 -0.153301
688 -0.143318
671 -0.132695
674 -0.212344
671 -0.222017
664 -0.144545
671 -0.150440
666 -0.126933
672 -0.111867
681 -0.178961
682 -0.206958
673 -0.166897
679 -0.144827
662 -0.116951
676 -0.114510
687 -0.169971
665 -0.199638
665 -0.189117
675 -0.158297
675 -0.140312
674 -0.142746
687 -0.172194
675 -0.214349
673 -0.215562
687 -0.157930
670 -0.150731
680 -0.148859
674 -0.158082
675 -0.217680
663 -0.206881
680 -0.142437
659 -0.133663
665 -0.121173
654 -0.085283
677 -0.171391
667 -0.184219
692 -0.148163
676 -0.130115
676 -0.095869
664 -0.089922
680 -0.153286
664 -0.177066
635 -0.133964
678 -0.136998
664 -0.124678
668 -0.105149
646 -0.105875
655 -0.179629
675 -0.226043
681 -0.147557
659 -0.129045
663 -0.121456
682 -0.131892
658 -0.184649
651 -0.198769
671 -0.172306
652 -0.137557
674 -0.137257
661 -0.097593
654 -0.120188
645 -0.165905
663 -0.172172
645 -0.088615
665 -0.127407
656 -0.099871
659 -0.099075
653 -0.168858
647 -0.193866
679 -0.177629
656 -0.143403
642 -0.113620
668 -0.131280
645 -0.141769
662 -0.213822
672 -0.223270
648 -0.126356
653 -0.137943
658 -0.126872
649 -0.126486
668 -0.195453
656 -0.211633
666 -0.164259
651 -0.186698
644 -0.134557
643 -0.089899
655 -0.116547
630 -0.156125
655 -0.163104
660 -0.119130
664 -0.156850
662 -0.148185
663 -0.107877
648 -0.171005
637 -0.194402
639 -0.168750
650 -0.135347
642 -0.118799
647 -0.112879
660 -0.133009
652 -0.194726
639 -0.192948
660 -0.156141
662 -0.148426
656 -0.128818
650 -0.120767
641 -0.158505
668 -0.219540
649 -0.192451
648 -0.112882
642 -0.135617
648 -0.145851
639 -0.097790
659 -0.175404
629 -0.173461
646 -0.130000
650 -0.120422
639 -0.105685
639 -0.162793
633 -0.143217
631 -0.177576
640 -0.198736
658 -0.141002
637 -0.123361
644 -0.116396
646 -0.127197
638 -0.204310
618 -0.191638
648 -0.201230
638 -0.124264
636 -0.130004
644 -0.114689
628 -0.103268
629 -0.195143
630 -0.201827
640 -0.169909
644 -0.113567
627 -0.097134
642 -0.088770
636 -0.077587
642 -0.195164
612 -0.176385
624 -0.144439

