150
100 44274
101 26842
102 25394
103 26953
104 28105
105 27903
106 27053
107 28617
108 30065
109 28631
110 30369
111 32226
112 32598
113 34187
114 34463
115 35261
116 37196
117 35578
118 37092
119 37697
120 37342
121 40046
122 41105
123 40663
124 42240
125 40775
126 43505
127 44809
128 46107
129 45038
130 47407
131 47356
132 47943
133 49306
134 49808
135 45406
136 53402
137 53661
138 54054
139 54388
140 55984
141 57652
142 56191
143 59508
144 60023
145 59500
146 63992
147 62935
148 65552
149 64281
150 68361
151 66347
152 69208
153 71771
154 73553
155 72789
156 75581
157 73592
158 75396
159 79664
160 81055
161 79060
162 79719
163 82190
164 82710
165 78885
166 83783
167 87945
168 87131
169 85560
170 88909
171 92879
172 92494
173 96159
174 92302
175 99084
176 99413
177 102663
178 99779
179 103982
180 104947
181 106691
182 109543
183 108798
184 111523
185 111015
186 111456
187 116110
188 109964
189 119270
190 119062
191 122682
192 118487
193 124785
194 128529
195 126240
196 127294
197 132122
198 129225
199 136437
200 135306
201 135856
202 136253
203 142555
204 142781
205 144128
206 141195
207 151805
208 151432
209 152416
210 157118
211 158870
212 161340
213 163074
214 154610
215 165334
216 170205
217 169959
218 174501
219 175503
220 174970
221 173795
222 177456
223 180145
224 178795
225 186794
226 183231
227 190127
228 189967
229 195165
230 191966
231 198259
232 193821
233 193072
234 204991
235 203133
236 208674
237 212416
238 210394
239 219837
240 220296
241 213684
242 222310
243 226042
244 227068
245 225624
246 228213
247 233755
248 240312
249 238206
250 239798
251 237054
252 244280
253 244722
254 248990
255 251966
256 252045
257 255679
258 262397
259 253287
260 272588
261 271746
262 270566
263 271894
264 273120
265 280442
266 279375
267 286291
268 283099
269 291450
270 290953
271 288692
272 291828
273 295229
274 294065
275 308136
276 309085
277 314349
278 314404
279 302531
280 323375
281 327086
282 329979
283 331365
284 326002
285 334229
286 339277
287 343660
288 344763
289 347241
290 347775
291 354529
292 357935
293 366317
294 366467
295 369252
296 373353
297 369656
298 376974
299 381144
300 394782
301 386488
302 392038
303 402784
304 403643
305 396009
306 402219
307 409710
308 422378
309 427452
310 426250
311 430504
312 422481
313 424968
314 426295
315 436318
316 433079
317 436192
318 442843
319 443830
320 473848
321 467167
322 487852
323 475556
324 495704
325 492873
326 502858
327 502465
328 509429
329 517375
330 515520
331 526959
332 533345
333 537318
334 533191
335 542050
336 538206
337 551620
338 547970
339 558338
340 562763
341 574124
342 570530
343 567394
344 564345
345 577100
346 591103
347 589976
348 597940
349 595546
350 599807
351 603889
352 604745
353 613677
354 606411
355 624708
356 627870
357 635551
358 634925
359 633581
360 648959
361 651117
362 660075
363 663337
364 672353
365 654075
366 667067
367 688728
368 686661
369 674331
370 706551
371 712944
372 686648
373 725401
374 727261
375 731149
376 684833
377 712605
378 712863
379 731387
380 734189
381 742311
382 751694
383 754620
384 757855
385 765232
386 771341
387 762334
388 731440
389 748194
390 754490
391 763861
392 806154
393 815154
394 826290
395 832423
396 838421
397 846106
398 847554
399 832454
400 831057
401 849381
402 834491
403 853143
404 866242
405 877214
406 855121
407 878174
408 895371
409 891412
410 892171
411 905040
412 902302
413 902474
414 921999
415 936341
416 946757
417 945557
418 957576
419 969895
420 980128
421 936738
422 954128
423 951494
424 975247
425 985756
426 981190
427 936597
428 948384
429 960915
430 949137
431 971885
432 972221
433 971752
434 920052
435 976915
436 998608
437 1000112
438 1006541
439 1014363
440 1029479
441 1051761
442 1024626
443 1040237
444 1044212
445 1019021
446 1081742
447 1066188
448 1069388
449 1065129
450 1067147
451 1099993
452 1082018
453 1104453
454 1105213
455 1123123
456 1131881
457 1144089
458 1122673
459 1157732
460 1170933
461 1174940
462 1179554
463 1193941
464 1195979
465 1214381
466 1186658
467 1190599
468 1176578
469 1207479
470 1210391
471 1218850
472 1213800
473 1232783
474 1249584
475 1241446
476 1251332
477 1276788
478 1300749
479 1300194
480 1312800
481 1328820
482 1283861
483 1286116
484 1298004
485 1294866
486 1328777
487 1303102
488 1334663
489 1349793
490 1366310
491 1371580
492 1383963
493 1407060
494 1417837
495 1398855
496 1366697
497 1391987
498 1401427
499 1406418
500 1398909
501 1414148
502 1429196
503 1448265
504 1464265
505 1443169
506 1453568
507 1480960
508 1522428
509 1531000
510 1456031
511 1482302
512 1500841
513 1490380
514 1509113
515 1522006
516 1525692
517 1554337
518 1567569
519 1591164
520 1589095
521 1587831
522 1629838
523 1634775
524 1579616
525 1600714
526 1591473
527 1599785
528 1632915
529 1639660
530 1666182
531 1661418
532 1637072
533 1710358
534 1704951
535 1649060
536 1647211
537 1691208
538 1702471
539 1696387
540 1714324
541 1733157
542 1738742
543 1741445
544 1751519
545 1746189
546 1761163
547 1763769
548 1766647
549 1794652
550 1801970
551 1810176
552 1821531
553 1831261
554 1844038
555 1865567
556 1890249
557 1902454
558 1866478
559 1838553
560 1789574
561 1826436
562 1809932
563 1846797
564 1853445
565 1898016
566 1979408
567 2212079
568 1995852
569 1969217
570 1977053
571 1961179
572 1945424
573 1998751
574 2036602
575 2086061
576 2126555
577 2019070
578 2088260
579 2081005
580 2091273
581 2139285
582 2242693
583 2390324
584 2213767
585 2165334
586 2276334
587 2271492
588 2226668
589 2222551
590 2257254
591 2449050
592 2320815
593 2278992
594 2241412
595 2250141
596 2228790
597 2234389
598 2221981
599 2248140
600 2261902
601 2273474
602 2276396
603 2321655
604 2273416
605 2263857
606 2312472
607 2319633
608 2331018
609 2360398
610 2373000
611 2454208
612 2404562
613 2358028
614 2410892
615 2352694
616 2427486
617 2428930
618 2438043
619 2461984
620 2488181
621 2471382
622 2475871
623 2469220
624 2493155
625 2530949
626 2538039
627 2588626
628 2554638
629 2527225
630 2603458
631 2550435
632 2598653
633 2613089
634 2661111
635 2698647
636 2539498
637 2579670
638 2616887
639 2586947
640 2666994
641 2687076
642 2704629
643 2673520
644 2689026
645 2725187
646 2725932
647 2736906
648 2755833
649 2783178
650 2829518
651 2855982
652 2803611
653 2799905
654 2770958
655 2828084
656 2835447
657 2910875
658 2857458
659 2866183
660 2863856
661 2881062
662 3014245
663 3141525
664 3173161
665 3183444
666 3197996
667 3218140
668 3189270
669 3242536
670 3256255
671 3278450
672 3286330
673 3108456
674 3118113
675 3117375
676 3175693
677 3119645
678 3174471
679 3170447
680 3255166
681 3292658
682 3243260
683 3290787
684 3186051
685 3176310
686 3172762
687 3175893
688 3218530
689 3218340
690 3225750
691 3217736
692 3234624
693 3295211
694 3306565
695 3305695
696 3313859
697 3280346
698 3316578
699 3321755
700 3351965
701 3395847
702 3363405
703 3362538
704 3341235
705 3406079
706 3431597
707 3415855
708 3478283
709 3586723
710 3737696
711 3576269
712 3656747
713 3618008
714 3849151
715 3743070
716 3581801
717 3668098
718 3843880
719 3763730
720 3933648
721 3953980
722 3969358
723 3977970
724 3967633
725 3995666
726 3830119
727 3988934
728 3807217
729 4009302
730 4043211
731 3867540
732 3858847
733 3893098
734 3938222
735 4081605
736 4124520
737 4115391
738 4130908
739 4155694
740 4214207
741 4192190
742 3993127
743 3967210
744 4004326
745 4189825
746 4195265
747 4236190
748 4282066
749 4157609
750 4150983
751 4320543
752 4310203
753 4264167
754 4331382
755 4426675
756 4334974
757 4391003
758 4380432
759 4084368
760 4410930
761 4474017
762 4478968
763 4471773
764 4460318
765 4507848
766 4499375
767 4527248
768 4601780
769 4499530
770 4434080
771 4620973
772 4563459
773 4730962
774 4608573
775 4382442
776 4394212
777 4595063
778 4480124
779 4776646
780 4854740
781 4577047
782 4767564
783 4821689
784 4818749
785 4569273
786 4415523
787 4515577
788 4501595
789 4634254
790 4558350
791 4604741
792 4949610
793 4608407
794 4749618
795 4926669
796 4687119
797 4937572
798 4745158
799 4655366
800 4727929
801 5074891
802 4959573
803 4978684
804 5170635
805 4963198
806 4778256
807 4902727
808 4791669
809 4899163
810 4864604
811 4866409
812 4885240
813 4943300
814 4945333
815 4917517
816 4925361
817 4953323
818 4962376
819 4996857
820 5011735
821 5055754
822 5049354
823 5037979
824 5060242
825 5171935
826 5106445
827 5110709
828 5131698
829 5227870
830 5143465
831 5107683
832 5194985
833 5310638
834 5273829
835 5194114
836 5309010
837 5385091
838 5282799
839 5330011
840 5384013
841 5371065
842 5362435
843 5376378
844 5475869
845 5423900
846 5413504
847 5466733
848 5517641
849 5539906
850 5465552
851 5567770
852 5564425
853 5545101
854 5558466
855 5643800
856 5604762
857 5571439
858 5656412
859 5722228
860 5656964
861 5646818
862 5737229
863 5757385
864 5662285
865 5794732
866 5899973
867 5773295
868 5804042
869 5870059
870 5777470
871 5832543
872 5813734
873 5922272
874 5860412
875 5882876
876 6327092
877 6446488
878 6515221
879 6437942
880 6462512
881 6474301
882 6574996
883 6451668
884 6527980
885 6363538
886 6605271
887 6602189
888 6673547
889 6683355
890 6661334
891 6721484
892 6623311
893 6600368
894 6636218
895 6761854
896 6714382
897 6756075
898 6684709
899 6445308
900 6528292
901 6516811
902 6601686
903 6993919
904 6747783
905 6551506
906 6612409
907 6714679
908 6557932
909 6646164
910 6741541
911 6658874
912 6676595
913 6728308
914 6705428
915 6776245
916 6733536
917 6715601
918 6741996
919 6785526
920 6799164
921 6817408
922 6810900
923 6873383
924 6957064
925 6911839
926 6911347
927 6860118
928 6971403
929 6976517
930 6976309
931 7025431
932 7076284
933 7106903
934 7058756
935 7084270
936 7124368
937 7114736
938 7159626
939 7162331
940 7146179
941 7300884
942 7321632
943 7212017
944 7266989
945 7272592
946 7322738
947 7315914
948 7279303
949 7411979
950 7398039
951 7334759
952 7390031
953 7161957
954 7190716
955 7483568
956 7459558
957 7566155
958 7582858
959 7552832
960 7832623
961 7798462
962 8037353
963 7902084
964 7825425
965 7973346
966 8244093
967 8308141
968 8064734
969 7863714
970 7981939
971 8035733
972 8363294
973 8356453
974 8022145
975 8230082
976 8430723
977 8267572
978 8062856
979 8239136
980 8355345
981 8211700
982 8508839
983 8544035
984 8303952
985 8433286
986 8713447
987 8736884
988 8624227
989 8186806
990 8231667
991 8482400
992 8542752
993 8747607
994 8801763
995 8650211
996 8846631
997 8982214
998 8757691
999 8909195
149
100 24024
101 25619
102 24698
103 25323
104 26632
105 27623
106 27898
107 29390
108 29611
109 30978
110 29896
111 31978
112 32168
113 33587
114 33528
115 34212
116 35301
117 36268
118 36188
119 37217
120 39327
121 39864
122 40968
123 41127
124 43209
125 40339
126 43016
127 42614
128 45272
129 45369
130 46206
131 46498
132 49353
133 47108
134 51538
135 48569
136 48938
137 52832
138 53787
139 54711
140 55254
141 57262
142 56826
143 59203
144 59984
145 58826
146 61647
147 62832
148 63834
149 65394
150 66095
151 65151
152 68382
153 70119
154 71932
155 71692
156 72563
157 70277
158 75150
159 75448
160 78631
161 77700
162 79410
163 79833
164 77071
165 82344
166 85968
167 86750
168 88447
169 90645
170 93258
171 93958
172 89797
173 96657
174 96365
175 94500
176 99504
177 101203
178 100189
179 104949
180 100638
181 106815
182 108887
183 109593
184 111999
185 110564
186 101366
187 114483
188 116032
189 119167
190 113743
191 121220
192 120383
193 123460
194 124080
195 126075
196 123422
197 129144
198 129943
199 129134
200 128548
201 136800
202 139100
203 138038
204 137329
205 139240
206 141271
207 140566
208 147518
209 147687
210 153352
211 154824
212 157172
213 160794
214 152799
215 158869
216 158358
217 167801
218 163127
219 165367
220 165602
221 163341
222 168610
223 176338
224 180780
225 174246
226 187669
227 192196
228 189926
229 193872
230 190802
231 193906
232 189447
233 190343
234 196546
235 193041
236 187731
237 192491
238 204219
239 210475
240 207705
241 225107
242 217213
243 215795
244 219551
245 228691
246 230645
247 231161
248 236254
249 239633
250 233060
251 235923
252 248310
253 239804
254 249035
255 247780
256 254918
257 251582
258 261650
259 259964
260 257695
261 267630
262 263058
263 269995
264 275784
265 268463
266 268282
267 283816
268 285758
269 284372
270 280340
271 287751
272 288136
273 294589
274 306932
275 294969
276 301606
277 303652
278 308331
279 308999
280 309008
281 314419
282 313588
283 319007
284 322989
285 323966
286 330566
287 333103
288 336676
289 338532
290 333747
291 341838
292 346109
293 353817
294 337675
295 345206
296 345477
297 346356
298 361033
299 364021
300 359642
301 374009
302 385569
303 385812
304 392577
305 397940
306 401935
307 398086
308 404103
309 400570
310 411627
311 395649
312 394653
313 400060
314 402702
315 408109
316 442595
317 432689
318 438419
319 440314
320 453301
321 430641
322 432932
323 453193
324 451297
325 463583
326 454532
327 469909
328 468430
329 473430
330 465144
331 475427
332 483947
333 486365
334 490985
335 495465
336 501045
337 510778
338 505117
339 514866
340 508376
341 510614
342 513699
343 530199
344 519324
345 499993
346 503007
347 512928
348 518876
349 517044
350 521633
351 528333
352 514740
353 537323
354 543590
355 549629
356 549935
357 553132
358 554600
359 562184
360 561700
361 573661
362 566362
363 575033
364 578468
365 591151
366 585559
367 596996
368 604187
369 604775
370 602913
371 606289
372 615479
373 622974
374 621837
375 626434
376 635685
377 636948
378 643102
379 654704
380 653640
381 664578
382 669322
383 647276
384 664842
385 664887
386 678354
387 683005
388 687050
389 693474
390 693964
391 699776
392 699849
393 706387
394 699154
395 708706
396 715232
397 726152
398 730176
399 737064
400 730287
401 765184
402 772362
403 763600
404 773412
405 770564
406 796587
407 791427
408 789926
409 787366
410 803205
411 798673
412 808461
413 791407
414 839784
415 841650
416 858391
417 880363
418 870704
419 835958
420 821660
421 901369
422 916106
423 911472
424 910123
425 907894
426 934886
427 932792
428 918295
429 921332
430 934612
431 910134
432 906602
433 982111
434 962951
435 947478
436 938380
437 943476
438 956526
439 945954
440 994928
441 963686
442 910923
443 1002831
444 1008421
445 998519
446 999185
447 999489
448 1014909
449 998073
450 1030916
451 1017071
452 1023899
453 1019176
454 1061215
455 1041811
456 1072122
457 1091797
458 1065411
459 1079438
460 1074157
461 1072120
462 1093732
463 1076093
464 1085873
465 1123162
466 1110213
467 1127770
468 1130965
469 1139246
470 1124458
471 1135153
472 1141658
473 1146760
474 1187945
475 1187211
476 1193984
477 1202224
478 1193079
479 1206820
480 1199149
481 1175828
482 1226793
483 1227252
484 1226503
485 1220405
486 1244280
487 1288445
488 1276313
489 1261850
490 1298864
491 1275101
492 1325153
493 1335125
494 1342468
495 1339145
496 1340144
497 1385165
498 1358681
499 1366381
500 1361484
501 1340552
502 1346519
503 1412379
504 1371352
505 1350332
506 1422569
507 1460755
508 1425327
509 1457509
510 1439370
511 1443732
512 1429715
513 1439182
514 1362377
515 1392836
516 1404642
517 1399825
518 1406287
519 1411187
520 1417826
521 1421327
522 1428609
523 1429375
524 1440802
525 1452775
526 1454016
527 1411623
528 1471251
529 1477284
530 1510690
531 1577862
532 1600534
533 1520501
534 1507600
535 1525760
536 1569599
537 1633779
538 1635776
539 1575438
540 1560639
541 1567893
542 1590162
543 1597235
544 1576190
545 1622769
546 1598941
547 1612269
548 1593720
549 1590661
550 1633361
551 1627503
552 1646120
553 1649072
554 1645519
555 1751975
556 1717974
557 1722346
558 1703622
559 1748528
560 1736203
561 1718108
562 1749012
563 1772089
564 1751107
565 1767160
566 1796832
567 1827861
568 1828554
569 1853630
570 1878717
571 1787998
572 1793462
573 1787016
574 1824695
575 1817516
576 1838692
577 1820126
578 1827173
579 1837603
580 1861158
581 1870774
582 1865871
583 1871269
584 1891659
585 1874132
586 1909040
587 1918313
588 1944110
589 1962553
590 2003907
591 1985785
592 1980227
593 1954181
594 1972523
595 2048444
596 2200209
597 2145817
598 2125366
599 2078380
600 2211562
601 2160913
602 2126137
603 2161612
604 2141102
605 2187770
606 2160546
607 2253618
608 2216751
609 2158917
610 2196788
611 2247842
612 2218320
613 2240774
614 2288051
615 2339277
616 2259164
617 2345723
618 2368174
619 2367798
620 2410313
621 2406652
622 2415700
623 2397731
624 2393532
625 2436443
626 2415537
627 2460608
628 2471214
629 2401582
630 2447756
631 2493536
632 2481857
633 2495100
634 2480784
635 2405350
636 2403026
637 2394906
638 2381281
639 2409612
640 2380256
641 2432602
642 2453418
643 2444353
644 2439090
645 2463638
646 2472134
647 2543518
648 2529628
649 2522571
650 2493955
651 2522359
652 2538877
653 2516331
654 2550489
655 2563385
656 2583832
657 2600404
658 2623777
659 2618864
660 2624604
661 2614258
662 2636201
663 2627000
664 2665097
665 2678781
666 2659717
667 2735478
668 2690836
669 2685177
670 2710493
671 2724388
672 2770961
673 2770925
674 2748121
675 2732599
676 2760578
677 2794685
678 2921680
679 2866638
680 3005499
681 2820847
682 3029689
683 2945095
684 3027613
685 2995084
686 3137686
687 3186301
688 3170465
689 3229103
690 3248049
691 3183748
692 3224608
693 3111763
694 3212151
695 3115942
696 3136979
697 3089054
698 3019219
699 3147346
700 3124705
701 3174995
702 3273498
703 3256413
704 3196970
705 3230411
706 3131295
707 3095650
708 3283603
709 3159283
710 3135807
711 3136269
712 3197481
713 3184364
714 3206422
715 3185366
716 3201130
717 3195700
718 3396843
719 3405327
720 3287193
721 3333352
722 3315140
723 3364459
724 3326576
725 3388609
726 3426603
727 3607387
728 3606704
729 3524516
730 3510787
731 3551958
732 3561941
733 3544668
734 3595358
735 3561311
736 3621610
737 3591191
738 3603951
739 3555080
740 3641717
741 3577225
742 3680863
743 3708765
744 3651218
745 3658202
746 3710269
747 3729513
748 3734943
749 3764164
750 3719060
751 3730800
752 3752648
753 3771522
754 3799350
755 3784800
756 3773421
757 3854948
758 3804106
759 3790594
760 3872628
761 3873698
762 3879722
763 3920112
764 3933095
765 3848153
766 3922749
767 3996943
768 3959052
769 3999500
770 4003985
771 4059751
772 4006808
773 4042454
774 4018576
775 3976342
776 4023706
777 4142543
778 4116362
779 4115708
780 4148881
781 4075127
782 3967489
783 3999220
784 3944613
785 3885415
786 3976271
787 4010177
788 4079868
789 4023298
790 3980159
791 4059732
792 4056785
793 4024925
794 4075072
795 4083775
796 4054536
797 4153669
798 4217409
799 4133755
800 4163741
801 4243305
802 4124172
803 4166988
804 4164599
805 4217275
806 4229291
807 4286176
808 4424041
809 4468262
810 4280424
811 4336584
812 4311680
813 4352048
814 4334228
815 4351899
816 4402876
817 4369991
818 4372602
819 4355723
820 4431104
821 4421907
822 4453584
823 4462948
824 4390161
825 4531445
826 4542162
827 4511813
828 4484644
829 4564787
830 4629829
831 4539166
832 4542120
833 4582119
834 4676549
835 4710282
836 4630890
837 4651837
838 4716471
839 4721268
840 4694373
841 4713490
842 4717246
843 4699020
844 4748961
845 4744907
846 4803354
847 4870813
848 4921286
849 4813617
850 4820173
851 4937203
852 4920689
853 4903766
854 4974694
855 5124238
856 5008330
857 4998771
858 5063550
859 5123411
860 5079259
861 5130993
862 5101116
863 5251868
864 5208185
865 5274049
866 5235190
867 5279250
868 5345588
869 5357028
870 5237400
871 5374859
872 5447868
873 5533065
874 5588909
875 5480777
876 5385046
877 5451926
878 5422235
879 5488442
880 5529744
881 5788689
882 5865301
883 5493818
884 5579298
885 5617373
886 5685722
887 5491466
888 5550329
889 5517586
890 5484527
891 5548401
892 5611693
893 5565299
894 5579767
895 5591980
896 5700870
897 5603627
898 5643274
899 5728091
900 5670675
901 5703223
902 5743155
903 5753798
904 5734850
905 5730130
906 5801818
907 5680388
908 5820802
909 5806895
910 5864924
911 6208674
912 6172702
913 5961195
914 5954019
915 5852755
916 5913842
917 5877332
918 5944049
919 5924159
920 5985020
921 6048740
922 6045222
923 6285172
924 6376953
925 6260356
926 6241990
927 6471084
928 6294131
929 6323354
930 6285973
931 6519809
932 6562024
933 6602923
934 6631594
935 6558975
936 6557067
937 6454799
938 6494202
939 6064605
940 6552746
941 6841043
942 6284822
943 6236230
944 6175843
945 6388856
946 6185434
947 6098552
948 6182804
949 6188840
950 6216257
