1 12
11 10
21 21
31 32
41 49
51 64
61 76
71 92
81 122
91 128
101 159
111 190
121 226
131 259
141 284
151 319
161 365
171 358
181 394
191 413
201 466
211 498
221 534
231 569
241 636
251 669
261 621
271 644
281 691
291 701
301 750
311 789
321 856
331 905
341 946
351 991
361 1081
371 1117
381 1253
391 1230
401 1334
411 1371
421 1480
431 1541
441 1643
451 1749
461 1744
471 1820
481 1972
491 2055
501 2166
511 2199
521 2322
531 2357
541 2565
551 2622
561 2769
571 2864
581 3005
591 3066
601 3266
611 3478
621 3402
631 3621
641 3979
651 3900
661 4086
671 4278
681 4416
691 4632
701 4612
711 4820
721 4994
731 5149
741 5347
751 5389
761 5738
771 5903
781 6015
791 6184
801 6369
811 6878
821 6901
831 6943
841 7174
851 7572
861 7707
871 7712
881 8058
891 8412
901 8508
911 8619
921 9422
931 9036
941 9599
951 9807
961 9918
971 10315
981 10454
991 10730
1001 10985
1011 11447
1021 11450
1031 11615
1041 12287
1051 12585
1061 12496
1071 13293
1081 13332
1091 13570
1101 13951
1111 14341
1121 15003
1131 15172
1141 15213
1151 15498
1161 16065
1171 16494
1181 16474
1191 17141
1201 17278
1211 17580
1221 17913
1231 18037
1241 18907
1251 19271
1261 19275
1271 19761
1281 20350
1291 20950
1301 20963
1311 21237
1321 21703
1331 22697
1341 23036
1351 23038
1361 23737
1371 24256
1381 24407
1391 24652
1401 25077
1411 25848
1421 26068
1431 26979
1441 27378
1451 27706
1461 28316
1471 28452
1481 29401
1491 29441
1501 29857
1511 30693
1521 31544
1531 31977
1541 32314
1551 32631
1561 33954
1571 33851
1581 34679
1591 34668
1601 35846
1611 36560
1621 37048
1631 36881
1641 38374
1651 38863
1661 39777
1671 39627
1681 40740
1691 41852
1701 42015
1711 42733
1721 43213
1731 44444
1741 44593
1751 45232
1761 46729
1771 46542
1781 47289
1791 47553
1801 48959
1811 49165
1821 49793
1831 50541
1841 51682
1851 51775
1861 53566
1871 53005
1881 55025
1891 55522
1901 56028
1911 56137
1921 57755
1931 57890
1941 59819
1951 59473
1961 60689
1971 61595
1981 61841
1991 62984
2001 64413
2011 64375
2021 65301
2031 66406
2041 66887
2051 68103
2061 68814
2071 69967
2081 70410
2091 71503
2101 72004
2111 72944
2121 74538
2131 75098
2141 75628
2151 76569
2161 78084
2171 78605
2181 79510
2191 79581
2201 82057
2211 83147
2221 83537
2231 85264
2241 86352
2251 86731
2261 87685
2271 88073
2281 90053
2291 90685
2301 91449
2311 92709
2321 94891
2331 93887
2341 95665
2351 96703
2361 97709
2371 99991
2381 98826
2391 100314
2401 101460
2411 102613
2421 104009
2431 105065
2441 107155
2451 108235
2461 108066
2471 109689
2481 110868
2491 111876
2501 113381
2511 113579
2521 116381
2531 116457
2541 118527
2551 118927
2561 121208
2571 122033
2581 121702
2591 124380
2601 125306
2611 126879
2621 127965
2631 129628
2641 130855
2651 131613
2661 133367
2671 133003
2681 136581
2691 136748
2701 136205
2711 138714
2721 141148
2731 142732
2741 143359
2751 145357
2761 145283
2771 147380
2781 148419
2791 149662
2801 153977
2811 153346
2821 155401
2831 157701
2841 157540
2851 161867
2861 161651
2871 163105
2881 164270
2891 165708
2901 167785
2911 168274
2921 170630
2931 174574
2941 171972
2951 176004
2961 176634
2971 179315
2981 179811
2991 181688
3001 184126
3011 184695
3021 187142
3031 188505
3041 190112
3051 192043
3061 194289
3071 194940
3081 195696
3091 199817
3101 199333
3111 201832
3121 203691
3131 206274
3141 207397
3151 209528
3161 211406
3171 215262
3181 214152
3191 216571
3201 219716
3211 217944
3221 222416
3231 222492
3241 225668
3251 228346
3261 228123
3271 228616
3281 231699
3291 233068
3301 237065
3311 238856
3321 239179
3331 241852
3341 243558
3351 247197
3361 246570
3371 250481
3381 252012
3391 253105
3401 256196
3411 258888
3421 259590
3431 262536
3441 265362
3451 266747
3461 269301
3471 269943
3481 272876
3491 275433
3501 275608
3511 276001
3521 281653
3531 282544
3541 283137
3551 288377
3561 290826
3571 293647
3581 294135
3591 295409
3601 299186
3611 302377
3621 304914
3631 306463
3641 308251
3651 312132
3661 311072
3671 316601
3681 317324
3691 318305
3701 321094
3711 322234
3721 326508
3731 328286
3741 330688
3751 331719
3761 332966
3771 337435
3781 339329
3791 341302
3801 341419
3811 346474
3821 347004
3831 349922
3841 353669
3851 355157
3861 357272
3871 358023
3881 361162
3891 365234
3901 366398
3911 369024
3921 373785
3931 375802
3941 378140
3951 379435
3961 382932
3971 387576
3981 388398
3991 391187
4001 394928
4011 397572
4021 397606
4031 402390
4041 406739
4051 406316
4061 409395
4071 412558
4081 415708
4091 415789
4101 420378
4111 421980
4121 426823
4131 430029
4141 427736
4151 432904
4161 435637
4171 437843
4181 443324
4191 443159
4201 447542
4211 448447
4221 452597
4231 457332
4241 461869
4251 462179
4261 463793
4271 466970
4281 471447
4291 474185
4301 477317
4311 483297
4321 483974
4331 488645
4341 491131
4351 492986
4361 499396
4371 499552
4381 500871
4391 504872
4401 510727
4411 509559
4421 512675
4431 512519
4441 516706
4451 524435
4461 522508
4471 525714
4481 531451
4491 529987
4501 531773
4511 534407
4521 534036
4531 542837
4541 544057
4551 548116
4561 550985
4571 556095
4581 566023
4591 562747
4601 561814
4611 568494
4621 570998
4631 582736
4641 584106
4651 585652
4661 587688
4671 592426
4681 593054
4691 593963
4701 593647
4711 598386
4721 602583
4731 604400
4741 608806
4751 614458
4761 620807
4771 622250
4781 622273
4791 632185
4801 630590
4811 633618
4821 637371
4831 641763
4841 643541
4851 648228
4861 647657
4871 655947
4881 653670
4891 652893
4901 659855
4911 663511
4921 666185
4931 668983
4941 671756
4951 676626
4961 680726
4971 683605
4981 688296
4991 691657
5001 696002
5011 696285
5021 699050
5031 701580
5041 707919
5051 707750
5061 715992
5071 715754
5081 723421
5091 725500
5101 727640
5111 737339
5121 738204
5131 740701
5141 745885
5151 750030
5161 755781
5171 762763
5181 737968
5191 730044
5201 752959
5211 763673
5221 766457
5231 786670
5241 781486
5251 772172
5261 777747
5271 794924
5281 792580
5291 792643
5301 786671
5311 799813
5321 809578
5331 822473
5341 819829
5351 810394
5361 815845
5371 830007
5381 827807
5391 827241
5401 832152
5411 836608
5421 845997
5431 844887
5441 847135
5451 851556
5461 854749
5471 853442
5481 866549
5491 869311
5501 874656
5511 883704
5521 885950
5531 880251
5541 888276
5551 888558
5561 887990
5571 896256
5581 895210
5591 902321
5601 905090
5611 904495
5621 911287
5631 922942
5641 928263
5651 928922
5661 927142
5671 934321
5681 942383
5691 941073
5701 946786
5711 950157
5721 949400
5731 954785
5741 956021
5751 969440
5761 969542
5771 981154
5781 984708
5791 983430
5801 994018
5811 1000411
5821 1002679
5831 997284
5841 1000387
5851 1020334
5861 1017550
5871 1021236
5881 1021846
5891 1028504
5901 1028396
5911 1036595
5921 1041337
5931 1046451
5941 1044745
5951 1064206
5961 1070062
5971 1076433
5981 1078420
5991 1076055
6001 1076932
6011 1078396
6021 1091690
6031 1089522
6041 1094223
6051 1095676
6061 1112534
6071 1114929
6081 1110194
6091 1114162
6101 1120630
6111 1125110
6121 1132312
6131 1136080
6141 1137394
6151 1144255
6161 1151890
6171 1156959
6181 1171100
6191 1162435
6201 1172768
6211 1177407
6221 1180890
6231 1185656
6241 1194657
6251 1192712
6261 1200281
6271 1198829
6281 1208064
6291 1212689
6301 1214970
6311 1232956
6321 1240248
6331 1242132
6341 1248860
6351 1245106
6361 1240596
6371 1250078
6381 1254231
6391 1263679
6401 1270938
6411 1276570
6421 1277253
6431 1280039
6441 1288932
6451 1302903
6461 1299725
6471 1306639
6481 1304653
6491 1313222
6501 1319960
6511 1327165
6521 1326965
6531 1332662
6541 1347677
6551 1356729
6561 1353684
6571 1355468
6581 1366270
6591 1370473
6601 1373669
6611 1379230
6621 1392210
6631 1401552
6641 1389340
6651 1399262
6661 1411881
6671 1414664
6681 1415815
6691 1426724
6701 1430467
6711 1436701
6721 1442860
6731 1448623
6741 1461153
6751 1457957
6761 1463981
6771 1481003
6781 1476921
6791 1488765
6801 1497494
6811 1491559
6821 1508508
6831 1502231
6841 1504074
6851 1516970
6861 1517944
6871 1532917
6881 1527619
6891 1541241
6901 1541131
6911 1565010
6921 1553515
6931 1552350
6941 1566087
6951 1572423
6961 1576526
6971 1583258
6981 1591485
6991 1604950
7001 1596129
7011 1605793
7021 1616960
7031 1625079
7041 1627289
7051 1626121
7061 1647499
7071 1639651
7081 1642462
7091 1653491
7101 1652570
7111 1661377
7121 1673305
7131 1673800
7141 1682093
7151 1684967
7161 1688695
7171 1704188
7181 1715060
7191 1702202
7201 1707749
7211 1729705
7221 1727133
7231 1741918
7241 1738975
7251 1755403
7261 1767237
7271 1759951
7281 1768916
7291 1782650
7301 1781360
7311 1785833
7321 1806121
7331 1806063
7341 1799748
7351 1814606
7361 1818967
7371 1829158
7381 1834005
7391 1833243
7401 1834558
7411 1842468
7421 1850179
7431 1859232
7441 1859338
7451 1877976
7461 1894876
7471 1883477
7481 1895965
7491 1899959
7501 1898785
7511 1907781
7521 1920416
7531 1927122
7541 1933051
7551 1937154
7561 1935142
7571 1942240
7581 1952275
7591 1956466
7601 1965960
7611 1967806
7621 1981337
7631 1989428
7641 1990413
7651 2007845
7661 2008681
7671 2020999
7681 2023922
7691 2029079
7701 2040473
7711 2060929
7721 2070528
7731 2077542
7741 2087239
7751 2088493
7761 2081330
7771 2092453
7781 2088160
7791 2097531
7801 2150918
7811 2106530
7821 2105775
7831 2116677
7841 2123704
7851 2130252
7861 2134698
7871 2158667
7881 2188327
7891 2176525
7901 2173326
7911 2191008
7921 2198141
7931 2187529
7941 2208770
7951 2209636
7961 2211839
7971 2230625
7981 2237386
7991 2247329
8001 2260394
8011 2255350
8021 2261813
8031 2271681
8041 2266102
8051 2288571
8061 2287025
8071 2304321
8081 2292789
8091 2298441
8101 2333903
8111 2347656
8121 2327452
8131 2338059
8141 2342978
8151 2352664
8161 2354826
8171 2361139
8181 2378524
8191 2391008
8201 2396759
8211 2384456
8221 2408018
8231 2421350
8241 2423271
8251 2421844
8261 2437549
8271 2438092
8281 2452822
8291 2484912
8301 2448827
8311 2470459
8321 2475479
8331 2482461
8341 2492441
8351 2502159
8361 2502239
8371 2527820
8381 2538561
8391 2536941
8401 2528745
8411 2549239
8421 2560285
8431 2568737
8441 2568887
8451 2573771
8461 2584273
8471 2612966
8481 2614558
8491 2616691
8501 2649615
8511 2633162
8521 2634922
8531 2651553
8541 2653639
8551 2671421
8561 2669350
8571 2684914
8581 2695372
8591 2713985
8601 2719100
8611 2723269
8621 2710556
8631 2724258
8641 2746183
8651 2757114
8661 2758586
8671 2769566
8681 2773005
8691 2770239
8701 2785398
8711 2782181
8721 2787632
8731 2814548
8741 2819299
8751 2823458
8761 2815348
8771 2841670
8781 2877094
8791 2849771
8801 2882722
8811 2888924
8821 2884745
8831 2898203
8841 2895018
8851 2897287
8861 2911163
8871 2909135
8881 2913021
8891 2940216
8901 2943359
8911 2941925
8921 2952351
8931 2967319
8941 2971470
8951 2985443
8961 2997378
8971 2985427
8981 3006027
8991 3017136
9001 3000059
9011 3022499
9021 3043373
9031 3046067
9041 3048515
9051 3049796
9061 3080281
9071 3077098
9081 3075059
9091 3105329
9101 3096901
9111 3117465
9121 3120178
9131 3133106
9141 3148230
9151 3143753
9161 3142439
9171 3188633
9181 3203148
9191 3186629
9201 3162637
9211 3188293
9221 3194686
9231 3205326
9241 3212290
9251 3233166
9261 3234417
9271 3267742
9281 3312606
9291 3297241
9301 3351290
9311 3343485
9321 3271999
9331 3276418
9341 3291655
9351 3297034
9361 3303716
9371 3310046
9381 3326646
9391 3335461
9401 3342378
9411 3348354
9421 3358174
9431 3375339
9441 3380074
9451 3388481
9461 3404710
9471 3407387
9481 3405524
9491 3426720
9501 3450626
9511 3480858
9521 3481327
9531 3538285
9541 3527438
9551 3511441
9561 3548709
9571 3555334
9581 3518545
9591 3531219
9601 3527381
9611 3556547
9621 3578706
9631 3573402
9641 3585763
9651 3599208
9661 3596261
9671 3608719
9681 3639464
9691 3618048
9701 3637037
9711 3642848
9721 3637595
9731 3670990
9741 3657497
9751 3741652
9761 3719997
9771 3707917
9781 3737211
9791 3747033
9801 3737515
9811 3734220
9821 3764844
9831 3774242
9841 3775670
9851 3781753
9861 3798569
9871 3838784
9881 3801281
9891 3840783
9901 3841803
9911 3861057
9921 3857940
9931 3862916
9941 3891941
9951 3930086
9961 3901992
9971 3908507
9981 3932649
9991 3967410
10001 3922884
10011 3928188
10021 3951244
10031 3966184
10041 3965181
10051 3983875
10061 3990427
10071 4018920
10081 4017467
10091 4039279
10101 4054858
10111 4053714
10121 4060505
10131 4072045
10141 4124161
10151 4113867
10161 4109906
10171 4110463
10181 4119743
10191 4130163
10201 4111198
10211 4141198
10221 4178632
10231 4202425
10241 4243421
10251 4204188
10261 4193907
10271 4164964
10281 4149266
10291 4143707
10301 4141919
10311 4203549
10321 4180361
10331 4182140
10341 4195187
10351 4209756
10361 4228611
10371 4264505
10381 4372442
10391 4313346
10401 4326083
10411 4302414
10421 4286237
10431 4304762
10441 4346946
10451 4334953
10461 4351171
10471 4367256
10481 4404598
10491 4381322
10501 4389419
10511 4391555
10521 4416282
10531 4419503
10541 4419300
10551 4434407
10561 4434512
10571 4482276
10581 4473505
10591 4468794
10601 4505912
10611 4530478
10621 4564341
10631 4529181
10641 4535722
10651 4534840
10661 4526951
10671 4556813
10681 4546716
10691 4563194
10701 4581408
10711 4588572
10721 4585494
10731 4597502
10741 4640114
10751 4644996
10761 4673067
10771 4672538
10781 4700459
10791 4663735
10801 4652870
10811 4664283
10821 4688748
10831 4694075
10841 4692966
10851 4714066
10861 4722289
10871 4734518
10881 4737341
10891 4874340
10901 4904881
10911 4933813
10921 4921311
10931 4937197
10941 4936534
10951 4966438
10961 4952756
10971 4953898
10981 4984729
10991 4995027
11001 4986948
11011 5004384
11021 5009870
11031 5032214
11041 5047339
11051 5029374
11061 5077126
11071 5055946
11081 5052572
11091 5056596
11101 5078587
11111 5086073
11121 5114729
11131 5122067
11141 5157213
11151 5155393
11161 5156347
11171 5209465
11181 5230751
11191 5214142
11201 5228707
11211 5219352
11221 5244041
11231 5247445
11241 5248386
11251 5295282
11261 5283781
11271 5287056
11281 5299200
11291 5335762
11301 5318922
11311 5359575
11321 5360224
11331 5400483
11341 5387111
11351 5465582
11361 5447220
11371 5412462
11381 5491238
11391 5411036
11401 5481068
11411 5500569
11421 5486744
11431 5489597
11441 5504883
11451 5527328
11461 5485493
11471 5510139
11481 5590528
11491 5642086
11501 5642826
11511 5661129
11521 5614664
11531 5686005
11541 5692357
11551 5711420
11561 5681310
11571 5639241
11581 5645219
11591 5714285
11601 5735004
11611 5708205
11621 5746951
11631 5744472
11641 5778035
11651 5792379
11661 5795913
11671 5767821
11681 5800717
11691 5837077
11701 5888376
11711 5893580
11721 5881856
11731 5911086
11741 5927155
11751 5959460
11761 5941910
11771 5914935
11781 5930514
11791 5961104
11801 5965072
11811 6001276
11821 5941141
11831 5970840
11841 5947898
11851 5956713
11861 6069128
11871 6005716
11881 5980606
11891 5981332
11901 6018559
11911 6012120
11921 6006313
11931 6056524
11941 6171446
11951 6083568
11961 6084063
11971 6118946
11981 6095503
11991 6084298
12001 6086707
12011 6150488
12021 6172394
12031 6143275
12041 6183339
12051 6210935
12061 6206160
12071 6215823
12081 6214245
12091 6238426
12101 6272462
12111 6262959
12121 6276992
12131 6304546
12141 6274911
12151 6317525
12161 6325075
12171 6344495
12181 6378431
12191 6381986
12201 6403530
12211 6406877
12221 6434333
12231 6430577
12241 6405935
12251 6466586
12261 6461027
12271 6477497
12281 6499644
12291 6529789
12301 6525100
12311 6530932
12321 6575703
12331 6550436
12341 6570082
12351 6590547
12361 6568009
12371 6582602
12381 6676063
12391 6737807
12401 6695325
12411 6715132
12421 6684175
12431 6768531
12441 6735226
12451 6728718
12461 6750772
12471 6788520
12481 6788937
12491 6821846
12501 6858061
12511 6879022
12521 6865337
12531 6867661
12541 6876525
12551 6957069
12561 6854654
12571 6900200
12581 6899490
12591 6923677
12601 6963203
12611 6979183
12621 6981780
12631 7041787
12641 7059957
12651 7025268
12661 7025797
12671 7045182
12681 7034961
12691 7185575
12701 7074910
12711 7127927
12721 7103902
12731 7139259
12741 7146395
12751 7153973
12761 7182460
12771 7202781
12781 7209271
12791 7383752
12801 7473997
12811 7370745
12821 7274568
12831 7310995
12841 7349466
12851 7347977
12861 7328703
12871 7353050
12881 7374194
12891 7394224
12901 7406894
12911 7391641
12921 7418204
12931 7414143
12941 7438247
12951 7482243
12961 7476006
12971 7492319
12981 7489706
12991 7537865
13001 7514160
13011 7542614
13021 7567164
13031 7615253
13041 7615061
13051 7701585
13061 7658159
13071 7687022
13081 7664470
13091 7678648
13101 7646762
13111 7697563
13121 7841076
13131 7833743
13141 7761867
13151 7759241
13161 7762742
13171 7890435
13181 7832362
13191 7779744
13201 7920523
13211 7886139
13221 7894937
13231 7889722
13241 7885016
13251 7909518
13261 7899220
13271 7916489
13281 7942646
13291 7959175
13301 8065913
13311 8096971
13321 8002188
13331 8036729
13341 8060781
13351 8092213
13361 8078631
13371 8067565
13381 8095730
13391 8110588
13401 8102077
13411 8177624
13421 8184195
13431 8301285
13441 8294028
13451 8272455
13461 8395619
13471 8220235
13481 8350997
13491 8416163
13501 8366731
13511 8387937
13521 8412215
13531 8416249
13541 8425454
13551 8441271
13561 8448764
13571 8488014
13581 8494777
13591 8517113
13601 8505810
13611 8545607
13621 8586694
13631 8637492
13641 8611497
13651 8610245
13661 8659518
13671 8635896
13681 8725445
13691 8721656
13701 8773759
13711 8793741
13721 8790872
13731 8786699
13741 8844084
13751 8857617
13761 8807182
13771 8890434
13781 8900660
13791 8883698
13801 8897841
13811 8943253
13821 8981531
13831 8939825
13841 8985338
13851 9022741
13861 9031380
13871 9081897
13881 9048897
13891 9072823
13901 9099753
13911 9164055
13921 9127569
13931 9144924
13941 9181539
13951 9168307
13961 9185065
13971 9229330
13981 9208469
13991 9209613
14001 9252629
14011 9283672
14021 9327116
14031 9310133
14041 9313852
14051 9366966
14061 9380168
14071 9370628
14081 9385818
14091 9344317
14101 9359290
14111 9427328
14121 9460803
14131 9455994
14141 9485362
14151 9488031
14161 9479617
14171 9523922
14181 9553680
14191 9567259
14201 9593066
14211 9618290
14221 9671039
14231 9587092
14241 9573960
14251 9573455
14261 9562536
14271 9639712
14281 9653620
14291 9712153
14301 9672020
14311 9745551
14321 9758299
14331 9733732
14341 9741188
14351 9866726
14361 9745150
14371 9774590
14381 9823487
14391 9903284
14401 9866873
14411 9910428
14421 9969208
14431 9983380
14441 9928979
14451 9963309
14461 9973374
14471 10063877
14481 10098365
14491 10104926
14501 10107754
14511 10166572
14521 10165914
14531 10090239
14541 10172235
14551 10221876
14561 10100598
14571 10209488
14581 10271707
14591 10284744
14601 10267377
14611 10319256
14621 10264086
14631 10254869
14641 10232556
14651 10232161
14661 10278147
14671 10283833
14681 10069104
14691 9998551
14701 10003472
14711 10053080
14721 10056035
14731 10042311
14741 10082150
14751 10104143
14761 10088193
14771 10107468
14781 10150372
14791 10176665
14801 10155445
14811 10183786
14821 10215560
14831 10242765
14841 10236401
14851 10274621
14861 10264828
14871 10303913
14881 10305013
14891 10301827
14901 10351369
14911 10376570
14921 10370899
14931 10415985
14941 10413176
14951 10461852
14961 10445476
14971 10448630
14981 10484676
14991 10528124
