2 9.945
3 6.81
4 6.161
5 6.71
6 6.281
7 6.667
8 5.881
9 5.944
10 5.92
11 5.969
12 5.888
13 5.927
14 5.893
15 5.887
16 5.815
17 5.984
18 5.696
19 5.096
20 5.851
21 5.819
22 5.81
23 4.995
24 5.595
25 4.949
26 5.8
27 4.837
28 5.98
29 4.983
30 5.619
31 5.044
32 5.958
33 5.87
34 5.93
35 5.886
36 5.813
37 5.856
38 5.839
39 5.834
40 5.828
41 5.852
42 5.84
43 5.811
44 5.844
45 5.825
46 5.843
47 5.827
48 5.855
49 5.835
50 5.868
51 5.822
52 5.888
53 5.849
54 5.829
55 5.838
56 5.667
57 4.921
58 5.803
59 4.879
60 5.883
61 5.812
62 5.859
63 5.824
64 5.849
65 5.9
66 5.845
67 5.886
68 5.961
69 5.833
70 5.833
71 5.853
72 5.871
73 5.962
74 5.778
75 5.998
76 5.713
77 5.237
78 6.554
79 5.871
80 5.825
81 5.726
82 5.91
83 5.015
84 5.755
85 5.808
86 5.86
87 5.931
88 5.924
89 5.834
90 5.841
91 5.847
92 5.851
93 5.837
94 5.861
95 5.851
96 5.858
97 5.827
98 5.69
99 6.028
100 5.673
101 5.265
102 6.545
103 6.084
104 5.907
105 5.844
106 6.044
107 5.095
108 5.812
109 5.897
110 5.939
111 5.947
112 5.941
113 5.868
114 5.823
115 5.767
116 5.811
117 5.777
118 5.872
119 5.85
120 5.862
121 5.849
122 5.717
123 5.95
124 5.679
125 5.237
126 6.537
127 5.857
128 5.84
129 5.866
130 5.891
131 5.855
132 5.833
133 5.848
134 5.881
135 5.874
136 5.979
137 5.903
138 5.881
139 5.988
140 5.854
141 5.849
142 5.838
143 5.862
144 5.86
145 5.936
146 5.862
147 5.839
148 5.864
149 5.843
150 5.88
151 5.833
152 5.854
153 5.841
154 5.899
155 5.854
156 5.848
157 5.873
158 5.858
159 5.862
160 5.83
161 5.905
162 5.852
163 5.864
164 5.886
165 5.932
166 5.853
167 5.858
168 5.829
169 5.855
170 5.847
171 5.889
172 5.898
173 5.864
174 5.844
175 5.849
176 5.848
177 5.829
178 5.848
179 5.844
180 5.865
181 5.837
182 5.843
183 5.834
184 5.868
185 5.831
186 5.868
187 5.832
188 5.913
189 5.873
190 5.853
191 5.996
192 5.86
193 5.851
194 5.833
195 5.852
196 5.858
197 5.848
198 5.844
199 5.861
200 5.837
201 5.855
202 5.837
203 5.907
204 5.883
205 6.443
206 6.132
207 5.958
208 5.945
209 5.965
210 5.922
211 5.93
212 5.901
213 5.897
214 5.883
215 5.868
216 5.813
217 5.836
218 5.811
219 5.822
220 5.813
221 5.801
222 5.853
223 5.839
224 5.881
225 5.837
226 5.865
227 5.86
228 5.841
229 5.855
230 5.877
231 5.843
232 5.86
233 5.849
234 5.858
235 5.863
236 5.848
237 5.86
238 5.835
239 5.96
240 5.861
241 5.877
242 5.836
243 5.88
244 5.931
245 5.859
246 5.916
247 5.855
248 5.905
249 5.883
250 5.848
251 5.857
252 5.853
253 5.85
254 5.857
255 5.857
256 6.005
257 6.306
258 5.897
259 5.869
260 5.927
261 5.903
262 5.735
263 6.009
264 5.843
265 5.817
266 5.068
267 5.37
268 5.865
269 5.933
270 5.88
271 5.915
272 5.993
273 5.891
274 5.872
275 6.032
276 5.965
277 5.886
278 5.988
279 5.866
280 5.863
281 5.857
282 5.88
283 5.888
284 5.85
285 5.864
286 5.895
287 5.873
288 5.881
289 5.952
290 5.969
291 5.873
292 5.882
293 5.863
294 5.846
295 5.818
296 5.896
297 5.923
298 5.88
299 5.861
300 5.902
301 5.815
302 5.857
303 5.849
304 5.88
305 5.875
306 5.883
307 6.342
308 5.894
309 6.091
310 6.006
311 5.998
312 5.977
313 5.938
314 5.96
315 5.957
316 5.967
317 5.884
318 5.903
319 5.857
320 5.897
321 5.853
322 5.885
323 5.861
324 5.872
325 5.895
326 5.877
327 5.884
328 5.9
329 5.922
330 5.873
331 5.898
332 5.866
333 5.904
334 5.863
335 5.874
336 5.867
337 5.888
338 5.852
339 5.882
340 5.866
341 5.999
342 5.924
343 5.87
344 5.871
345 5.881
346 5.842
347 5.869
348 5.842
349 5.867
350 5.879
351 5.869
352 5.879
353 5.826
354 5.874
355 5.843
356 5.885
357 5.849
358 5.929
359 5.908
360 5.916
361 5.864
362 5.885
363 5.859
364 5.884
365 5.861
366 5.889
367 5.861
368 5.857
369 6.561
370 6.087
371 6.023
372 5.984
373 6.006
374 5.983
375 5.978
376 5.961
377 5.962
378 5.975
379 5.892
380 5.886
381 5.873
382 5.873
383 5.874
384 5.873
385 5.866
386 5.886
387 5.882
388 5.863
389 5.883
390 5.859
391 5.865
392 5.895
393 5.889
394 5.86
395 5.86
396 5.878
397 5.875
398 6.098
399 5.936
400 5.879
401 5.887
402 5.861
403 5.881
404 5.869
405 5.868
406 5.871
407 5.859
408 6.422
409 6.06
410 6.121
411 5.981
412 6.005
413 5.974
414 5.946
415 6.008
416 5.959
417 5.969
418 5.916
419 5.872
420 5.878
421 5.876
422 5.866
423 5.873
424 5.901
425 5.888
426 5.986
427 5.855
428 5.917
429 5.966
430 5.894
431 5.868
432 5.896
433 5.854
434 5.949
435 5.871
436 5.884
437 5.92
438 5.92
439 5.897
440 5.903
441 5.87
442 5.875
443 5.865
444 5.989
445 5.912
446 5.907
447 6.021
448 5.957
449 5.936
450 5.919
451 6.055
452 5.968
453 5.991
454 5.956
455 6.089
456 6.011
457 5.971
458 7.223
459 6.129
460 6.135
461 6.098
462 6.002
463 6.049
464 6.016
465 6.064
466 6.412
467 6.113
468 6.099
469 7.496
470 6.016
471 6.095
472 6.07
473 6.05
474 6.158
475 6.023
476 6.032
477 6.052
478 5.989
479 5.954
480 5.905
481 5.909
482 5.93
483 5.889
484 5.97
485 5.929
486 5.94
487 5.888
488 5.943
489 5.909
490 5.892
491 5.95
492 5.97
493 5.899
494 5.941
495 5.889
496 5.971
497 5.906
498 5.986
499 5.929
500 5.893
501 5.933
502 5.912
503 5.955
504 5.893
505 5.925
506 6.021
507 6.502
508 6.826
509 6.366
510 7.306
511 6.064
512 7.182
513 6.062
514 6.444
515 7.257
516 7.895
517 7.803
518 6.154
519 6.209
520 6.816
521 6.083
522 6.664
523 6.135
524 6.047
525 6.811
526 6.128
527 6.57
528 6.202
529 6.111
530 6.568
531 6.265
532 6.045
533 6.257
534 6.08
535 6.281
536 6.096
537 6.126
538 7.166
539 6.769
540 6.303
541 6.268
542 6.103
543 6.382
544 6.015
545 6.228
546 5.836
547 6.105
548 6.149
549 6.7
550 6.133
551 6.508
552 6.103
553 6.075
554 6.826
555 6.188
556 6.421
557 6.114
558 6.064
559 6.189
560 6.075
561 6.098
562 6.142
563 6.109
564 6.265
565 6.8
566 6.046
567 6.323
568 6.145
569 6.065
570 6.769
571 6.101
572 6.605
573 6.321
574 6.132
575 6.584
576 5.29
577 6.146
578 6.772
579 6.116
580 6.459
581 6.196
582 6.107
583 6.115
584 6.078
585 5.994
586 6.135
587 6.107
588 6.02
589 6.106
590 6.004
591 6.077
592 6.029
593 6.096
594 6.014
595 5.948
596 5.987
597 5.935
598 5.949
599 6.007
600 5.903
601 6.002
602 5.925
603 6.208
604 6.106
605 6.368
606 6.122
607 6.084
608 6.051
609 6.086
610 6.578
611 7.211
612 6.221
613 7.255
614 6.969
615 6.678
616 6.126
617 6.091
618 6.669
619 6.498
620 6.34
621 6.779
622 6.116
623 6.323
624 6.5
625 6.104
626 6.507
627 6.139
628 6.38
629 6.575
630 6.069
631 7.042
632 6.9
633 6.648
634 6.204
635 6.093
636 6.978
637 6.935
638 6.681
639 6.182
640 6.116
641 6.621
642 6.104
643 6.011
644 6.511
645 6.035
646 6.363
647 6.55
648 6.036
649 6.557
650 6.149
651 6.204
652 6.184
653 6.067
654 6.337
655 7.166
656 6.848
657 6.365
658 6.061
659 6.475
660 6.092
661 6.116
662 6.467
663 6.067
664 6.074
665 6.077
666 6.221
667 6.011
668 6.06
669 6.022
670 6.021
671 6.007
672 5.976
673 5.997
674 5.937
675 5.935
676 5.975
677 5.909
678 5.972
679 5.892
680 5.923
681 5.922
682 5.975
683 6.046
684 6.056
685 5.963
686 5.956
687 5.916
688 5.965
689 5.921
690 5.986
691 5.933
692 5.969
693 5.947
694 5.931
695 6.006
696 7.549
697 7.201
698 6.274
699 6.268
700 7.365
701 6.004
702 6.791
703 6.223
704 6.027
705 6.958
706 6.012
707 6.485
708 6.115
709 6.006
710 6.153
711 6.048
712 6.048
713 6.363
714 6.113
715 6.294
716 6.163
717 6.048
718 6.189
719 6.046
720 6.056
721 6.628
722 6.102
723 6.157
724 6.094
725 6.075
726 6.105
727 6.254
728 6.012
729 6.13
730 6.055
731 6.067
732 6.212
733 6.5
734 6.068
735 7.494
736 7.147
737 7.28
738 6.273
739 6.05
740 7.416
741 6.289
742 7.191
743 6.59
744 6.421
745 6.285
746 6.253
747 6.838
748 6.105
749 6.128
750 7.605
751 6.312
752 6.88
753 6.545
754 6.086
755 7.47
756 6.059
757 6.988
758 6.636
759 6.1
760 6.286
761 6.099
762 6.207
763 6.297
764 6.06
765 6.234
766 6.154
767 6.05
768 6.08
769 5.997
770 6.163
771 6.06
772 5.936
773 5.955
774 5.962
775 6.012
776 5.97
777 6
778 5.971
779 6.137
780 6.099
781 6.375
782 7.058
783 7.689
784 7.03
785 7.198
786 7.764
787 9.298
788 7.943
789 8.847
790 8.609
791 6.467
792 7.675
793 6.624
794 6.093
795 8.076
796 6.394
797 6.406
798 7.497
799 6.985
800 8.182
801 7.697
802 8.754
803 7.862
804 7.379
805 6.157
806 7.421
807 6.447
808 6.855
809 6.396
810 6.314
811 6.708
812 6.433
813 6.526
814 6.333
815 6.267
816 7.055
817 7.137
818 6.26
819 6.096
820 6.194
821 6.08
822 6.033
823 6.022
824 6.054
825 6.032
826 6.007
827 5.941
828 5.957
829 5.988
830 5.928
831 6.01
832 5.911
833 5.978
834 5.96
835 5.933
836 6.01
837 5.944
838 6.056
839 5.982
840 5.945
841 5.987
842 5.927
843 6.011
844 5.961
845 6.002
846 5.955
847 5.975
848 6.053
849 5.916
850 6.069
851 6.046
852 6.154
853 6.425
854 5.942
855 6.14
856 6.573
857 6.489
858 6.679
859 7.006
860 6.091
861 6.198
862 5.969
863 6.275
864 5.993
865 6.071
866 6.108
867 6.016
868 6.232
869 6.299
870 6.007
871 6.083
872 5.992
873 6.279
874 6.186
875 6.046
876 5.988
877 6.218
878 5.989
879 6.016
880 6.03
881 5.987
882 6.054
883 5.963
884 5.98
885 5.961
886 6.139
887 6.108
888 6.05
889 6.131
890 5.95
891 5.988
892 5.973
893 6.006
894 6.017
895 5.947
896 6.005
897 5.931
898 5.946
899 5.964
900 5.979
901 5.962
902 5.996
903 6.107
904 6.016
905 6.175
906 6.349
907 5.974
908 6.074
909 6.106
910 6.112
911 6.216
912 5.949
913 6.04
914 6.252
915 6.066
916 6.204
917 6.227
918 6.153
919 6.293
920 6.122
921 6.048
922 6.147
923 6.266
924 6.07
925 6.382
926 6.07
927 5.989
928 6.233
929 6.213
930 6.039
931 5.936
932 5.99
933 6.023
934 6.015
935 5.978
936 5.981
937 5.951
938 5.966
939 5.963
940 6.007
941 6.102
942 5.943
943 6.048
944 6.005
945 5.95
946 6.002
947 6.016
948 5.966
949 5.95
950 6.059
951 6.001
952 5.965
953 5.965
954 5.995
955 5.978
956 5.985
957 5.947
958 6.03
959 5.998
960 6.266
961 6.371
962 6.001
963 6.025
964 6.077
965 6.187
966 6.146
967 6.021
968 6.062
969 6.024
970 6.123
971 6.137
972 6.141
973 6.031
974 6.127
975 7.042
976 6.067
977 6.077
978 6.039
979 6.054
980 6.032
981 6.054
982 6.026
983 6.027
984 6.214
985 5.967
986 5.979
987 5.985
988 5.921
989 5.971
990 5.938
991 5.995
992 5.898
993 5.967
994 5.987
995 5.958
996 5.958
997 5.884
998 5.966
999 5.958
