101 0.104
200 0.127
301 0.114
400 0.172
501 0.199
600 0.303
701 0.309
800 0.371
901 0.415
1000 0.497
1101 0.513
1200 0.538
1301 0.59
1400 0.658
1501 0.916
1600 1.259
1701 0.924
1800 0.948
1901 1.01
2000 0.441
2101 0.287
2200 0.307
2301 0.462
2400 0.49
2501 0.53
2600 0.57
2701 0.384
2800 0.394
2901 0.413
3000 0.511
3101 0.481
3200 0.476
3301 0.502
3400 0.526
3501 0.548
3600 0.631
3701 0.628
3800 0.64
3901 0.797
4000 0.672
4101 0.749
4200 0.724
4301 0.725
4400 0.765
4501 0.72
4600 0.803
4701 0.819
4800 0.798
4901 0.821
5000 0.826
5101 0.802
5200 0.834
5301 0.84
5400 0.887
5501 0.892
5600 0.896
5701 0.937
5800 0.982
5901 0.996
6000 1.038
6101 1.016
6200 1.062
6301 1.08
6400 1.13
6501 1.137
6600 1.145
6701 1.184
6800 1.212
6901 1.222
7000 1.251
7101 1.259
7200 1.312
7301 1.321
7400 1.34
7501 1.347
7600 1.366
7701 1.435
7800 1.444
7901 1.448
8000 1.473
8101 1.494
8200 1.556
8301 1.545
8400 1.549
8501 1.556
8600 1.582
8701 1.63
8800 1.685
8901 1.71
9000 1.731
9101 1.763
9200 1.765
9301 1.795
9400 1.822
9501 1.824
9600 1.883
9701 2.04
9800 2.001
9901 1.995
10000 2.012
10101 2.003
10200 2.008
10301 2.056
10400 2.061
10501 2.058
10600 2.107
10701 2.135
10800 2.2
10901 2.205
11000 2.243
11101 2.227
11200 2.316
11301 2.313
11400 2.321
11501 2.373
11600 2.352
11701 2.35
11800 2.49
11901 2.486
12000 2.495
12101 2.511
12200 2.551
12301 2.651
12400 2.657
12501 2.685
12600 2.66
12701 2.688
12800 2.799
12901 2.772
13000 2.828
13101 2.873
13200 2.832
13301 2.909
13400 2.84
13501 2.877
13600 2.923
13701 2.947
13800 2.963
13901 3.05
14000 3.02
14101 3.122
14200 3.079
14301 3.111
14400 3.18
14501 3.184
14600 3.232
14701 3.256
14800 3.249
14901 3.26
15000 3.27
15101 3.276
15200 3.251
15301 3.301
15400 3.389
15501 3.386
15600 3.433
15701 3.448
15800 3.413
15901 3.523
16000 3.491
16101 3.625
16200 3.607
16301 3.633
16400 3.764
16501 3.706
16600 3.745
16701 3.819
16800 3.79
16901 3.818
17000 3.722
17101 3.827
17200 3.854
17301 3.892
17400 3.946
17501 3.994
17600 3.985
17701 4.133
17800 4.101
17901 4.294
18000 4.194
18101 4.25
18200 4.232
18301 4.26
18400 4.279
18501 4.394
18600 4.31
18701 4.456
18800 4.426
18901 4.457
19000 4.4
19101 4.346
19200 4.452
19301 4.471
19400 4.455
19501 4.765
19600 4.62
19701 4.781
19800 4.777
19901 4.784
20000 4.784
20101 4.719
20200 4.845
20301 4.899
20400 4.852
20501 4.969
20600 4.81
20701 4.948
20800 4.969
20901 4.989
21000 4.846
21101 4.98
21200 4.953
21301 5.067
21400 5.1
21501 5.272
21600 5.48
21701 5.366
21800 5.248
21901 5.284
22000 5.226
22101 5.351
22200 5.339
22301 5.379
22400 5.364
22501 5.438
22600 5.451
22701 5.363
22800 5.483
22901 5.534
23000 6.021
23101 5.617
23200 5.568
23301 5.583
23400 5.611
23501 5.673
23600 5.881
23701 5.778
23800 5.898
23901 5.919
24000 5.885
24101 6.008
24200 5.869
24301 6.081
24400 6.07
24501 6.082
24600 7.02
24701 6.079
24800 6.223
24901 6.244
25000 6.24
25101 6.195
25200 6.282
25301 6.312
25400 6.351
25501 6.355
25600 6.555
25701 6.496
25800 6.569
25901 6.649
26000 6.617
26101 6.695
26200 6.517
26301 6.52
26400 6.627
26501 6.68
26600 6.775
26701 6.745
26800 6.586
26901 6.776
27000 6.75
27101 6.682
27200 6.811
27301 6.855
27400 6.871
27501 6.9
27600 6.903
27701 7.152
27800 6.96
27901 7.175
28000 7.157
28101 7.155
28200 7.262
28301 7.308
28400 7.299
28501 7.344
28600 7.308
28701 7.457
28800 7.36
28901 7.531
29000 7.605
29101 7.568
29200 7.418
29301 7.592
29400 7.54
29501 7.619
29600 7.576
29701 7.624
29800 7.446
29901 7.644
30000 7.629
30101 7.678
30200 7.563
30301 7.723
30400 7.666
30501 7.793
30600 7.756
30701 7.983
30800 7.966
30901 7.946
31000 8.094
31101 8.083
31200 7.955
31301 8.169
31400 8.141
31501 8.959
31600 8.235
31701 8.262
31800 8.443
31901 8.398
32000 8.612
32101 8.591
32200 8.447
32301 8.667
32400 8.624
32501 8.693
32600 8.692
32701 8.734
32800 8.924
32901 8.831
33000 8.914
33101 8.958
33200 9.027
33301 9.082
33400 8.983
33501 9.041
33600 9.11
33701 9.119
33800 9.089
33901 9.059
34000 9.126
34101 9.22
34200 9.189
34301 9.198
34400 9.286
34501 9.346
34600 9.38
34701 9.437
34800 9.459
34901 9.659
35000 9.462
35101 9.717
35200 9.686
35301 9.647
35400 9.745
35501 9.822
35600 9.845
35701 9.849
35800 9.83
35901 10.119
36000 9.909
36101 10.26
36200 10.208
36301 10.06
36400 10.235
36501 11.023
36600 10.256
36701 10.322
36800 10.261
36901 10.462
37000 10.306
37101 10.522
37200 10.447
37301 10.411
37400 10.599
37501 10.675
37600 10.646
37701 11.358
37800 10.811
37901 10.637
38000 10.458
38101 10.68
38200 10.657
38301 10.703
38400 10.629
38501 10.818
38600 10.732
38701 10.857
38800 10.772
38901 11.042
39000 11.082
39101 11.14
39200 11.304
39301 11.331
39400 11.168
39501 11.426
39600 11.42
39701 11.47
39800 11.39
39901 11.478
40000 11.554
40101 11.472
40200 11.613
40301 11.652
40400 11.451
40501 11.606
40600 11.613
40701 11.7
40800 11.567
40901 11.802
41000 11.82
41101 11.644
41200 11.63
41301 11.666
41400 11.48
41501 11.748
41600 11.754
41701 11.727
41800 11.654
41901 11.736
42000 11.768
42101 11.73
42200 11.81
42301 11.86
42400 11.783
42501 12.008
42600 11.95
42701 11.944
42800 11.965
42901 12.782
43000 12.201
43101 12.141
43200 12.067
43301 12.331
43400 12.246
43501 12.283
43600 12.42
43701 12.511
43800 12.473
43901 12.518
44000 12.462
44101 12.533
44200 12.311
44301 12.62
44400 12.52
44501 12.479
44600 12.568
44701 12.766
44800 13.569
44901 12.709
45000 12.695
45101 12.838
45200 12.626
45301 12.922
45400 12.936
45501 12.924
45600 12.874
45701 12.942
45800 12.917
45901 12.879
46000 12.996
46101 12.196
46200 12.105
46301 12.204
46400 12.114
46501 12.173
46600 11.963
46701 12.251
46800 12.153
46901 12.243
47000 12.165
47101 12.493
47200 12.834
47301 12.894
47400 13.017
47501 13.058
47600 13.167
47701 13.201
47800 13.06
47901 13.144
48000 13.056
48101 13.145
48200 13.682
48301 13.647
48400 13.743
48501 13.818
48600 13.721
48701 13.953
48800 13.977
48901 13.934
49000 13.811
49101 13.879
49200 13.995
49301 13.956
49400 14.082
49501 14.147
49600 13.964
49701 14.222
49800 14.109
49901 14.22
50000 14.13
50101 14.508
50200 14.157
50301 14.606
50400 14.297
50501 14.525
50600 14.652
50701 14.127
50800 14.234
50901 14.264
51000 14.308
51101 14.336
51200 14.61
51301 14.596
51400 14.729
51501 14.838
51600 14.788
51701 14.753
51800 16.056
51901 14.948
52000 14.908
52101 14.921
52200 14.862
52301 14.508
52400 14.275
52501 14.51
52600 14.362
52701 14.322
52800 14.494
52901 14.521
53000 14.479
53101 14.533
53200 14.467
53301 14.436
53400 14.215
53501 14.472
53600 14.388
53701 14.541
53800 14.429
53901 14.514
54000 14.506
54101 14.387
54200 14.448
54301 14.573
54400 14.47
54501 14.645
54600 14.521
54701 14.566
54800 14.385
54901 14.629
55000 14.509
55101 14.651
55200 14.528
55301 16.264
55400 15.927
55501 16.356
55600 16.193
55701 16.247
55800 16.469
55901 16.33
56000 16.26
56101 16.337
56200 16.237
56301 16.318
56400 16.27
56501 16.368
56600 16.267
56701 16.724
56800 16.304
56901 16.398
57000 16.455
57101 16.48
57200 16.338
57301 16.466
57400 17.034
57501 17.188
57600 17.053
57701 17.202
57800 17.071
57901 17.196
58000 17.981
58101 17.211
58200 17.081
58301 17.319
58400 16.15
58501 16.219
58600 16.202
58701 16.269
58800 16.128
58901 16.265
59000 16.243
59101 16.301
59200 16.187
59301 16.902
59400 16.051
59501 16.098
59600 15.993
59701 16.127
59800 16.048
59901 16.178
60000 16.015
60101 16.189
60200 16.034
60301 16.167
60400 16.106
60501 16.239
60600 16.368
60701 16.222
60800 16.212
60901 16.256
61000 16.134
61101 16.25
61200 16.246
61301 16.432
61400 16.206
61501 16.793
61600 16.545
61701 16.658
61800 16.532
61901 16.676
62000 16.561
62101 16.676
62200 16.583
62301 16.737
62400 16.844
62501 16.762
62600 16.919
62701 16.894
62800 16.775
62901 17.228
63000 16.679
63101 16.846
63200 16.819
63301 16.82
63400 16.732
63501 19.194
63600 19.076
63701 20.048
63800 19.078
63901 19.195
64000 19.075
64101 19.333
64200 19.083
64301 19.224
64400 19.279
64501 19.327
64600 19.595
64701 19.542
64800 19.431
64901 19.609
65000 19.441
65101 19.58
65200 19.599
65301 19.614
65400 19.571
65501 19.675
65600 20.731
65701 20.744
65800 20.604
65901 20.846
66000 21.039
66101 20.761
66200 20.66
66301 20.754
66400 20.621
66501 20.807
66600 19.39
66701 19.53
66800 19.265
66901 19.428
67000 19.331
67101 19.418
67200 19.435
67301 19.462
67400 19.355
67501 19.471
67600 19.44
67701 19.865
67800 19.509
67901 19.561
68000 19.417
68101 19.62
68200 19.444
68301 19.638
68400 19.509
68501 19.874
68600 19.956
68701 19.69
68800 19.598
68901 20.231
69000 19.689
69101 19.866
69200 19.632
69301 19.784
69400 19.684
69501 19.736
69600 19.68
69701 20.292
69800 20.218
69901 20.26
70000 20.075
70101 20.285
70200 20.226
70301 20.317
70400 20.23
70501 20.291
70600 20.181
70701 20.336
70800 20.304
70901 20.393
71000 20.301
71101 20.394
71200 20.253
71301 20.373
71400 20.267
71501 20.487
71600 20.435
71701 23.143
71800 23.56
71901 23.178
72000 23.013
72101 23.194
72200 22.997
72301 23.132
72400 23.276
72501 23.227
72600 23.105
72701 23.251
72800 22.08
72901 22.143
73000 21.848
73101 22.89
73200 22.028
73301 22.052
73400 22.037
73501 22.062
73600 21.906
73701 22.214
73800 22.196
73901 22.334
74000 22.175
74101 22.341
74200 22.209
74301 22.356
74400 22.768
74501 22.421
74600 22.19
74701 22.439
74800 22.299
74901 22.436
75000 22.353
75101 22.512
75200 22.533
75301 22.514
75400 22.331
75501 22.442
75600 22.384
75701 22.512
75800 22.297
75901 22.264
76000 22.459
76101 22.323
76200 22.152
76301 22.346
76400 22.254
76501 22.381
76600 22.21
76701 22.41
76800 22.547
76901 22.393
77000 22.67
77101 22.547
77200 22.502
77301 23.319
77400 22.345
77501 22.479
77600 22.418
77701 22.551
77800 22.473
77901 23.183
78000 23.219
78101 23.173
78200 23.083
78301 23.222
78400 23.106
78501 23.288
78600 23.082
78701 23.269
78800 23.212
78901 23.317
79000 23.121
79101 23.337
79200 23.183
79301 23.315
79400 23.164
79501 23.415
79600 23.873
79701 23.444
79800 23.229
79901 26.434
80000 26.203
80101 26.441
80200 26.302
80301 26.389
80400 26.222
80501 26.374
80600 26.203
80701 26.339
80800 26.288
80901 24.942
81000 24.497
81101 24.599
81200 24.538
81301 25.507
81400 24.651
81501 24.702
81600 24.523
81701 24.731
81800 24.668
81901 25.08
82000 25.113
82101 24.968
82200 24.954
82301 24.961
82400 24.808
82501 24.931
82600 24.929
82701 24.95
82800 24.821
82901 24.989
83000 24.841
83101 24.99
83200 24.853
83301 25.089
83400 24.9
83501 25.195
83600 24.893
83701 25.072
83800 24.92
83901 25.142
84000 25.309
84101 25.264
84200 25.107
84301 25.565
84400 25.069
84501 25.184
84600 25.099
84701 25.263
84800 25.234
84901 25.282
85000 25.166
85101 25.814
85200 25.151
85301 25.331
85400 25.192
85501 25.374
85600 25.241
85701 25.427
85800 25.301
85901 25.549
86000 25.428
86101 25.896
86200 25.813
86301 25.852
86400 25.698
86501 25.928
86600 26.175
86701 25.972
86800 25.788
86901 25.978
87000 25.869
87101 26.019
87200 25.82
87301 26.013
87400 25.944
87501 26.059
87600 25.995
87701 26.106
87800 26.022
87901 26.183
88000 26.113
88101 26.253
88200 26.046
88301 26.232
88400 26.064
88501 26.284
88600 26.223
88701 27.173
88800 26.146
88901 26.285
89000 26.122
89101 26.557
89200 26.199
89301 26.375
89400 26.191
89501 26.341
89600 26.439
89701 26.298
89800 26.246
89901 26.342
90000 26.263
90101 26.468
90200 26.317
90301 26.478
90400 26.334
90501 26.49
90600 26.374
90701 26.531
90800 26.419
90901 26.552
91000 26.447
91101 26.568
91200 26.349
91301 26.549
91400 26.423
91501 26.782
91600 26.513
91701 26.605
91800 26.568
91901 26.702
92000 26.446
92101 26.72
92200 26.031
92301 27.154
92400 26.187
92501 26.221
92600 26.163
92701 26.454
92800 26.264
92901 26.324
93000 26.116
93101 26.221
93200 26.038
93301 26.411
93400 26.093
93501 26.307
93600 26.09
93701 26.278
93800 26.064
93901 26.314
94000 26.06
94101 26.304
94200 26.738
94301 27.89
94400 27.68
94501 27.801
94600 27.655
94701 27.872
94800 27.647
94901 27.886
95000 27.681
95101 28.017
95200 27.951
95301 27.874
95400 27.727
95501 27.92
95600 27.798
95701 27.931
95800 28.465
95901 28.095
96000 27.839
96101 27.97
96200 27.983
96301 30.52
96400 30.302
96501 30.489
96600 30.22
96701 30.435
96800 30.369
96901 30.39
97000 30.33
97101 30.398
97200 30.292
97301 30.509
97400 30.257
97501 30.546
97600 30.335
97701 30.564
97800 30.447
97901 30.535
98000 30.387
98101 30.581
98200 30.683
98301 30.789
98400 30.84
98501 30.784
98600 30.77
98701 30.895
98800 30.695
98901 30.905
99000 31.779
99101 30.998
99200 30.947
99301 30.964
99400 30.817
99501 31.028
99600 30.844
99701 31.014
99800 30.832
99901 30.992
100000 30.995
100101 31.002
100200 30.847
100301 31.116
100400 30.882
100501 31.005
100600 30.844
100701 31.01
100800 30.842
100901 31.049
101000 30.86
101101 31.052
101200 30.856
101301 31.243
101400 30.823
101501 31.06
101600 31.008
101701 31.196
101800 30.993
101901 31.053
102000 30.855
102101 31.724
102200 30.886
102301 31.218
102400 31.526
102501 31.773
102600 31.561
102701 31.841
102800 31.555
102901 31.859
103000 31.633
103101 31.899
103200 31.666
103301 31.876
103400 31.642
103501 31.837
103600 31.63
103701 31.863
103800 31.704
103901 31.9
104000 31.6
104101 31.924
104200 31.666
104301 31.936
104400 31.693
104501 32.335
104600 32.16
104701 32.349
104800 32.21
104901 32.291
105000 32.948
105101 32.255
105200 32.085
105301 32.301
105400 32.18
105501 32.292
105600 32.11
105701 32.318
105800 32.292
105901 32.475
106000 32.271
106101 32.363
106200 32.271
106301 32.402
106400 32.112
106501 33.335
106600 33.045
106701 33.298
106800 33.068
106901 33.325
107000 33.087
107101 33.309
107200 33.111
107301 33.354
107400 33.168
107501 33.362
107600 33.166
107701 33.477
107800 33.23
107901 34.339
108000 33.114
108101 33.358
108200 33.26
108301 33.469
108400 33.344
108501 33.379
108600 32.162
108701 32.351
108800 32.156
108901 32.294
109000 32.346
109101 32.375
109200 32.237
109301 32.434
109400 32.173
109501 32.419
109600 32.379
109701 32.473
109800 32.224
109901 32.507
110000 32.183
110101 32.443
110200 32.426
110301 32.457
110400 32.504
110501 32.469
110600 34.661
110701 35.032
110800 35.769
110901 34.85
111000 34.884
111101 34.888
111200 34.621
111301 35.231
111400 35.222
111501 35.355
111600 34.719
111701 34.994
111800 34.746
111901 35.019
112000 34.9
112101 35.109
112200 34.838
112301 35.02
112400 34.801
112501 35.053
112600 35.066
112701 39.129
112800 36.219
112901 36.364
113000 36.295
113101 36.361
113200 36.282
113301 36.436
113400 36.32
113501 37.377
113600 36.185
113701 36.42
113800 36.225
113901 36.479
114000 36.654
114101 36.45
114200 36.28
114301 36.49
114400 36.32
114501 36.545
114600 36.416
114701 37.535
114800 37.485
114901 37.6
115000 37.324
115101 37.514
115200 37.591
115301 37.551
115400 37.329
115501 37.696
115600 37.382
115701 37.622
115800 37.883
115901 37.62
116000 37.416
116101 38.668
116200 37.469
116301 37.642
116400 37.38
116501 37.768
116600 37.557
116701 37.719
116800 35.811
116901 35.936
117000 35.87
117101 36.052
117200 35.897
117301 35.961
117400 36.113
117501 36.085
117600 35.815
117701 36.016
117800 35.882
117901 35.959
118000 35.838
118101 36.1
118200 35.873
118301 36.045
118400 35.841
118501 36.144
118600 35.843
118701 37.085
118800 37.253
118901 37.289
119000 37.078
119101 37.377
119200 37.091
119301 37.457
119400 37.123
119501 37.436
119600 37.148
119701 37.425
119800 37.147
119901 37.465
120000 37.281
120101 37.448
120200 37.179
120301 37.447
120400 37.516
120501 37.38
120600 37.259
120701 37.577
120800 37.471
120901 42.616
121000 42.393
121101 42.608
121200 43.241
121301 42.784
121400 42.54
121501 42.591
121600 42.488
121701 42.602
121800 42.557
121901 34.756
122000 34.469
122101 34.715
122200 34.558
122301 34.676
122400 34.563
122501 34.711
122600 34.77
122701 34.845
122800 34.545
122901 35.188
123000 35.056
123101 35.165
123200 34.984
123301 42.424
123400 35.241
123501 35.144
123600 35.083
123701 36.194
123800 35.015
123901 35.248
124000 35.166
124101 35.336
124200 35.248
124301 35.325
124400 35.209
124501 35.292
124600 35.301
124701 35.506
124800 35.154
124901 35.398
125000 35.172
125101 35.312
125200 35.148
125301 35.367
125400 35.128
125501 35.367
125600 35.237
125701 35.365
125800 35.172
125901 35.426
126000 35.722
126101 35.422
126200 35.179
126301 35.644
126400 36.215
126501 35.436
126600 35.271
126701 35.618
126800 35.349
126901 35.506
127000 46.336
127101 46.441
127200 46.186
127301 46.429
127400 46.299
127501 46.385
127600 46.318
127701 46.399
127800 46.414
127901 46.486
128000 42.895
128101 41.098
128200 40.889
128301 41.148
128400 41
128501 41.143
128600 40.87
128701 42.118
128800 41.048
128901 41.19
129000 41.084
129101 43.782
129200 43.461
129301 43.678
129400 43.605
129501 43.822
129600 43.485
129701 43.799
129800 43.74
129901 43.722
130000 43.533
130101 43.891
130200 43.474
130301 43.75
130400 43.588
130501 43.802
130600 43.573
130701 43.809
130800 43.636
130901 44.77
131000 43.593
131101 45.654
131200 45.409
131301 45.626
131400 45.294
131501 45.54
131600 45.309
131701 45.838
131800 45.372
131901 45.616
132000 45.402
132101 45.608
132200 45.512
132301 45.742
132400 45.692
132501 45.704
132600 45.418
132701 45.669
132800 45.342
132901 45.692
133000 46.395
133101 45.729
133200 43.264
133301 43.337
133400 43.2
133501 43.303
133600 43.117
133701 43.476
133800 43.397
133901 43.646
134000 43.09
134101 43.412
134200 43.154
134301 43.415
134400 43.635
134501 43.611
134600 43.139
134701 43.356
134800 43.241
134901 43.445
135000 43.366
135101 43.513
135200 46.086
135301 45.551
135400 45.193
135501 45.442
135600 45.369
135701 45.506
135800 45.197
135901 45.493
136000 45.238
136101 45.666
136200 45.136
136301 45.566
136400 45.308
136501 45.502
136600 45.369
136701 45.658
136800 45.308
136901 45.531
137000 45.502
137101 45.655
137200 45.733
137301 44.457
137400 44.379
137501 44.708
137600 44.379
137701 44.558
137800 44.545
137901 44.671
138000 44.381
138101 44.635
138200 44.547
138301 44.87
138400 44.426
138501 44.612
138600 44.688
138701 44.639
138800 44.356
138901 44.847
139000 44.513
139101 44.718
139200 44.494
139301 47.646
139400 48.29
139501 47.605
139600 47.422
139701 47.842
139800 47.54
139901 47.607
140000 47.561
140101 47.609
140200 47.661
140301 47.634
140400 47.67
140501 48.956
140600 47.455
140701 48.661
140800 47.634
140901 47.838
141000 47.641
141101 47.822
141200 47.52
141301 47.897
141400 46.14
141501 45.485
141600 45.247
141701 45.516
141800 45.213
141901 45.449
142000 45.4
142101 45.587
142200 45.266
142301 45.522
142400 45.597
142501 45.818
142600 45.294
142701 45.697
142800 45.512
142901 45.619
143000 45.494
143101 45.707
143200 45.338
143301 45.724
143400 49.739
143501 50.462
143600 49.635
143701 50
143800 49.825
143901 49.783
144000 49.713
144101 49.993
144200 49.74
144301 49.954
144400 50.021
144501 49.996
144600 49.755
144701 50.146
144800 49.823
144901 50.012
145000 49.711
145101 50.172
145200 49.79
145301 50.019
145400 49.808
145501 47.341
145600 46.978
145701 47.313
145800 47.12
145901 47.291
146000 47.174
146101 47.49
146200 47.279
146301 47.264
146400 47.155
146501 47.466
146600 48.29
146701 47.89
146800 47.241
146901 47.432
147000 47.495
147101 47.521
147200 47.118
147301 47.391
147400 47.856
147501 47.766
147600 47.492
147701 47.792
147800 47.628
147901 47.789
148000 47.428
148101 47.713
148200 47.657
148301 47.741
148400 47.321
148501 47.803
148600 47.809
148701 47.758
148800 47.626
148901 47.96
149000 47.453
149101 47.843
149200 47.633
149301 47.79
149400 48.479
149501 47.975
149600 47.558
149701 47.888
149800 47.713
149901 48.019
150000 47.827
150101 47.97
150200 47.881
150301 47.953
150400 47.875
150501 48.034
150600 47.973
150701 48.311
150800 47.712
150901 48.118
151000 47.731
151101 48.025
151200 48.547
151301 48.919
151400 47.9
151501 48.021
151600 47.425
151701 47.721
151800 47.492
151901 47.782
152000 47.556
152101 47.726
152200 47.369
152301 47.917
152400 47.64
152501 47.665
152600 47.476
152701 47.966
152800 47.326
152901 47.853
153000 47.653
153101 47.919
153200 47.432
153301 48.83
153400 47.574
153501 47.938
153600 47.674
153701 47.845
153800 47.609
153901 47.894
154000 47.988
154101 47.847
154200 47.776
154301 47.981
154400 47.701
154501 47.921
154600 47.614
154701 47.937
154800 47.836
154901 47.968
155000 47.744
155101 48.175
155200 47.721
155301 50.459
155400 50.152
155501 51.008
155600 50.118
155701 50.917
155800 49.988
155901 49.738
156000 49.707
156101 50.156
156200 52.793
156301 52.266
156400 51.87
156501 49.718
156600 49.594
156701 50.758
156800 51.53
156901 54.434
157000 50.032
157101 54.962
157200 52.85
157301 51.279
157400 49.569
157501 49.859
157600 49.656
157701 50.978
157800 50.668
157901 50.504
158000 54.708
158101 52.249
158200 50.644
158301 49.933
158400 50.082
158501 49.988
158600 51.741
158701 52.205
158800 58.998
158901 55.686
159000 57.253
159101 53.067
159200 51.026
159301 52.523
159400 50.843
159501 50.436
159600 49.809
159701 50.384
159800 58.117
159901 58.085
160000 57.949
160101 58.658
160200 57.648
160301 58.467
160400 60.099
160501 60.108
160600 58.501
160701 58.602
160800 57.444
160901 61.137
161000 58.934
161101 58.815
161200 59.689
161301 59.328
161400 58.791
161501 58.956
161600 57.678
161701 57.963
161800 55.246
161901 56.13
162000 56.716
162101 57.784
162200 55.831
162301 56.126
162400 56.482
162501 55.868
162600 57.176
162701 68.436
162800 60.626
162901 61.416
163000 57.433
163101 60.173
163200 63.944
163301 57
163400 56.896
163501 56.318
163600 56.529
163701 58.03
163800 57.686
163901 60.457
164000 72.952
164101 63.667
164200 57.925
164301 58.269
164400 57.741
164501 58.026
164600 57.77
164701 57.854
164800 57.359
164901 57.772
165000 56.804
165101 57.193
165200 56.896
165301 57.158
165400 57.159
165501 57.214
165600 57.931
165701 57.222
165800 56.877
165901 55.309
166000 55.885
166101 55.104
166200 55.077
166301 55.559
166400 55.991
166501 55.479
166600 56.913
166701 55.317
166800 55.681
166901 56.652
167000 55.419
167101 56.371
167200 56.8
167301 56.533
167400 55.237
167501 55.998
167600 55.047
167701 55.615
167800 55.036
167901 55.567
168000 57.038
168101 57.269
168200 57.036
168301 57.406
168400 58.402
168501 57.808
168600 57.032
168701 57.373
168800 57.099
168901 57.505
169000 58.209
169101 57.363
169200 57.069
169301 57.457
169400 58.343
169501 57.602
169600 57.097
169701 57.491
169800 57.355
169901 57.545
170000 56.511
170101 56.61
170200 56.28
170301 56.763
170400 57.329
170501 57.145
170600 57.124
170701 58.347
170800 56.391
170901 56.885
171000 56.416
171101 56.87
171200 56.457
171301 56.77
171400 56.444
171501 56.856
171600 56.677
171701 57.382
171800 56.647
171901 56.767
172000 56.857
172101 61.294
172200 59.803
172301 60.898
172400 59.619
172501 59.871
172600 59.591
172701 60.82
172800 60.039
172901 60.123
173000 59.565
173101 59.928
173200 59.802
173301 61.896
173400 61.52
173501 60.135
173600 60.642
173701 60.897
173800 59.966
173901 61.277
174000 60.492
174101 58.299
174200 57.612
174301 57.766
174400 58.864
174501 59.315
174600 57.592
174701 57.793
174800 58.092
174901 58.181
175000 58.149
175101 57.725
175200 57.324
175301 57.874
175400 57.537
175501 58.725
175600 57.442
175701 57.727
175800 57.619
175901 57.869
176000 57.641
176101 57.708
176200 60.282
176301 60.307
176400 60.176
176501 60.469
176600 60.17
176701 60.401
176800 59.948
176901 61.141
177000 60.141
177101 61.278
177200 60.148
177301 60.481
177400 60.447
177501 65.607
177600 60.573
177701 60.512
177800 60.165
177901 60.987
178000 60.103
178101 60.346
178200 56.491
178301 56.879
178400 56.666
178501 56.758
178600 56.584
178701 57.809
178800 56.239
178901 57.645
179000 56.584
179101 56.814
179200 56.824
179301 56.877
179400 56.406
179501 56.775
179600 56.722
179701 56.778
179800 57.108
179901 57.365
180000 57.383
180101 57.275
180200 56.69
180301 58.069
180400 59.088
180501 58.062
180600 57.358
180701 57.69
180800 57.852
180901 57.747
181000 57.516
181101 58.023
181200 57.592
181301 57.74
181400 57.813
181501 57.785
181600 57.503
181701 57.889
181800 57.387
181901 57.737
182000 57.984
182101 57.917
182200 57.55
182301 58.097
182400 58.123
182501 58.014
182600 57.56
182701 57.998
182800 57.581
182901 58.002
183000 57.637
183101 57.883
183200 57.592
183301 58.057
183400 57.907
183501 57.91
183600 57.721
183701 59.102
183800 57.617
183901 57.984
184000 57.761
184101 58.052
184200 57.895
184301 59.103
184400 56.723
184501 56.834
184600 56.44
184701 56.858
184800 56.557
184901 56.813
185000 56.643
185101 56.962
185200 56.843
185301 57.148
185400 56.878
185501 56.773
185600 56.767
185701 56.887
185800 56.861
185901 56.82
186000 56.489
186101 56.851
186200 57.029
186301 57.792
186400 58.78
186501 56.901
186600 56.713
186701 57.125
186800 57.12
186901 57.201
187000 62.174
187101 57.256
187200 56.401
187301 56.849
187400 56.795
187501 56.751
187600 56.718
187701 56.787
187800 56.877
187901 56.91
188000 57.164
188101 56.938
188200 56.575
188301 56.963
188400 57.195
188501 59.191
188600 58.719
188701 60.004
188800 58.988
188901 59.104
189000 59.283
189101 59.26
189200 58.71
189301 59.282
189400 59.252
189501 59.287
189600 59.236
189701 59.126
189800 58.812
189901 58.997
190000 58.805
190101 59.251
190200 58.91
190301 60.444
190400 59.052
190501 59.532
190600 58.936
190701 59.283
190800 58.83
190901 59.168
191000 58.973
191101 59.206
191200 58.958
191301 60.287
191400 58.821
191501 59.273
191600 58.946
191701 59.306
191800 59.096
191901 60.318
192000 59.052
192101 59.75
192200 59.001
192301 60.273
192400 59.193
192501 60.261
192600 67.745
192701 70.171
192800 67.437
192901 67.735
193000 67.384
193101 67.664
193200 67.321
193301 72.419
193400 69.051
193501 68.604
193600 67.667
193701 67.797
193800 67.633
193901 67.81
194000 67.619
194101 67.903
194200 67.634
194301 68.008
194400 67.564
194501 68.29
194600 68.208
194701 69.084
194800 69.229
194901 69.023
195000 68.452
195101 68.745
195200 68.55
195301 69.001
195400 68.788
195501 69.081
195600 68.203
195701 68.667
195800 68.516
195901 68.604
196000 68.402
196101 68.585
196200 69.012
196301 68.653
196400 68.91
196501 68.878
196600 69.102
196701 77.581
196800 77.454
196901 74.507
197000 73.536
197101 79.476
197200 82.164
197301 77.023
197400 72.214
197501 73.767
197600 71.636
197701 71.917
197800 71.825
197901 72.065
198000 71.781
198101 72.802
198200 71.739
198301 73.658
198400 71.928
198501 72.073
198600 71.713
198701 69.366
198800 69.047
198901 69.394
199000 68.919
199101 69.785
199200 69.012
199301 69.233
199400 69.047
199501 69.734
199600 68.999
199701 69.242
199800 69.146
199901 69.295
200000 69.542
200101 69.503
200200 69.03
200301 69.478
200400 69.283
200501 69.45
200600 69.154
200701 69.478
200800 72.46
200901 72.744
201000 72.305
201101 72.568
201200 72.08
201301 72.551
201400 72.196
201501 72.431
201600 72.556
201701 72.559
201800 73.754
201901 72.89
202000 72.295
202101 72.653
202200 72.363
202301 72.425
202400 72.834
202501 73.254
202600 72.39
202701 72.427
202800 68.335
202901 68.686
203000 68.467
203101 68.766
203200 70.891
203301 70.167
203400 68.328
203501 69.583
203600 68.882
203701 68.749
203800 68.458
203901 68.909
204000 68.568
204101 69.274
204200 68.549
204301 69.472
204400 68.581
204501 69.699
204600 68.429
204701 68.882
204800 69.261
204901 71.275
205000 69.81
205101 69.712
205200 70.642
205301 69.714
205400 69.349
205501 69.721
205600 70.591
205701 69.715
205800 69.438
205901 69.663
206000 69.316
206101 70.369
206200 69.779
206301 69.566
206400 69.762
206501 69.57
206600 69.602
206701 70.442
206800 69.458
206901 70.313
207000 69.291
207101 69.762
207200 69.344
207301 69.881
207400 69.795
207501 69.889
207600 69.465
207701 69.805
207800 70.156
207901 70.009
208000 70.672
208101 69.833
208200 69.738
208301 69.9
208400 70.325
208501 70.36
208600 69.581
208701 70.064
208800 69.54
208901 71.651
209000 72.016
209101 70.503
209200 70.669
209301 70.487
209400 70.208
209501 70.461
209600 70.292
209701 70.722
209800 70.915
209901 70.829
210000 70.521
210101 70.655
210200 70.152
210301 71.062
210400 71.217
210501 70.865
210600 71.691
210701 71.09
210800 70.694
210901 71.17
211000 70.408
211101 70.636
211200 70.515
211301 70.621
211400 70.438
211501 71.923
211600 70.537
211701 72.191
211800 70.618
211901 71.406
212000 70.769
212101 70.993
212200 71.629
212301 71.002
212400 70.624
212501 72.143
212600 70.832
212701 70.832
212800 70.734
212901 70.919
213000 72.028
213101 72.636
213200 72.033
213301 74.591
213400 72.565
213501 72.553
213600 74.403
213701 80.392
213800 74.845
213901 73.357
214000 76.9
214101 79.212
214200 79.967
214301 72.337
214400 73.054
214501 72.283
214600 72.257
214701 72.713
214800 72.473
214901 72.455
215000 72.196
215101 72.683
215200 73.455
215301 72.541
215400 72.216
215501 72.572
215600 72.15
215701 72.678
215800 72.166
215901 72.537
216000 73.352
216101 72.631
216200 71.756
216301 72.926
216400 73.779
216501 72.724
216600 72.112
216701 72.652
216800 72.797
216901 72.88
217000 72.564
217101 71.414
217200 70.284
217301 72.018
217400 71.206
217501 70.84
217600 70.438
217701 70.679
217800 70.703
217901 70.821
218000 72.102
218101 71.195
218200 70.532
218301 70.817
218400 71.487
218501 70.992
218600 70.542
218701 70.949
218800 71.648
218901 70.994
219000 70.707
219101 74.165
219200 73.715
219301 74.702
219400 70.898
219501 70.927
219600 70.83
219701 71.111
219800 71.414
219901 71.444
220000 72.771
220101 71.896
220200 71.893
220301 71.301
220400 70.628
220501 72.522
220600 70.554
220701 71.181
220800 70.986
220901 72.478
221000 71.635
221101 71.131
221200 74.091
221301 74.25
221400 74.218
221501 74.773
221600 79.127
221701 74.509
221800 74.396
221901 74.379
222000 73.893
222101 76.024
222200 74.608
222301 74.216
222400 73.922
222501 74.409
222600 74.106
222701 74.582
222800 76.735
222901 76.544
223000 74.959
223101 74.42
223200 74.859
223301 74.425
223400 73.976
223501 74.459
223600 74.52
223701 74.352
223800 74.34
223901 74.85
224000 74.232
224101 75.088
224200 73.97
224301 75.511
224400 74.273
224501 74.677
224600 76.203
224701 78.847
224800 74.791
224901 76.465
225000 74.377
225101 75.47
225200 75.221
225301 84.309
225400 85.231
225501 84.454
225600 83.907
225701 84.381
225800 83.715
225901 85.638
226000 85.368
226101 84.317
226200 83.725
226301 84.456
226400 84.051
226501 84.248
226600 84.44
226701 84.581
226800 83.723
226901 87.556
227000 85.294
227101 84.539
227200 84.592
227301 88.5
227400 92.182
227501 86.792
227600 85.776
227701 86.504
227800 96.367
227901 99.431
228000 87.789
228101 86.529
228200 83.329
228301 85.062
228400 83.065
228501 83.332
228600 83.345
228701 92.37
228800 86.857
228901 83.623
229000 84.142
229101 90.193
229200 83.945
229301 92.081
229400 90.684
229501 91.465
229600 89.157
229701 89.107
229800 88.346
229901 89.092
230000 88.812
230101 89.588
230200 89.617
230301 113.672
230400 132.151
230501 93.729
230600 89.639
230701 89.914
230800 89.131
230901 89.723
231000 89.188
231101 91.265
231200 88.944
231301 89.129
231400 90.802
231501 91.648
231600 90.072
231701 84.879
231800 84.862
231901 87.292
232000 86.887
232101 86.231
232200 85.415
232301 84.975
232400 86.34
232501 87.972
232600 88.468
232701 86.382
232800 89.408
232901 90.681
233000 89.3
233101 85.122
233200 85.968
233301 96.257
233400 92.775
233501 93.249
233600 90.14
233701 88.838
233800 88.385
233901 88.496
234000 88.264
234101 90.063
234200 88.363
234301 88.581
234400 88.157
234501 88.344
234600 88.382
234701 88.244
234800 87.831
234901 88.456
235000 87.861
235101 95.265
235200 108.623
235301 90.328
235400 88.169
235501 89.066
235600 83.432
235701 83.954
235800 84.696
235901 85.786
236000 85.733
236101 84.668
236200 83.544
236301 84.669
236400 85.461
236501 88.221
236600 86.627
236701 85.387
236800 85.336
236901 85.637
237000 84.112
237101 84.036
237200 103.175
237301 95.627
237400 83.661
237501 85.24
237600 91.006
237701 91.199
237800 90.722
237901 90.919
238000 91.098
238101 91.009
238200 90.711
238301 91.486
238400 99.571
238501 98.985
238600 100.054
238701 97.342
238800 90.5
238901 91.815
239000 92.695
239101 100.802
239200 93.251
239301 101.292
239400 103.614
239501 98.866
239600 95.511
239701 92.387
239800 91.336
239901 88.332
240000 86.396
240101 86.144
240200 85.859
240301 86.398
240400 86.501
240501 88.23
240600 87.456
240701 87.799
240800 85.948
240901 95.209
241000 89.249
241101 92.464
241200 88.535
241301 89.589
241400 86.58
241501 86.148
241600 85.868
241701 100.21
241800 99.425
241901 98.562
242000 102.312
242101 95.252
242200 94.44
242301 95.275
242400 97.295
242501 95.805
242600 94.637
242701 95.064
242800 96.645
242901 100.515
243000 95.812
243101 95.133
243200 94.575
243301 94.781
243400 96.948
243501 97.445
243600 101.376
243701 99.345
243800 82.974
243901 82.721
244000 82.616
244101 82.44
244200 82.164
244301 82.428
244400 82.17
244501 82.404
244600 82.314
244701 82.328
244800 82.311
244901 82.953
245000 82.733
245101 82.911
245200 82.665
245301 82.534
245400 82.567
245501 82.648
245600 82.501
245701 82.512
245800 91.14
245901 91.47
246000 91.503
246101 91.674
246200 91.264
246301 92.414
246400 91.319
246501 91.524
246600 91.018
246701 91.518
246800 90.984
246901 91.412
247000 91.197
247101 91.742
247200 91.007
247301 91.476
247400 91.302
247501 91.543
247600 91.898
247701 91.581
247800 91.523
247901 87.218
248000 86.706
248101 87.057
248200 86.964
248301 87.384
248400 87.443
248501 87.434
248600 86.801
248701 87.454
248800 87.006
248901 87.756
249000 87.028
249101 87.943
249200 87.527
249301 87.671
249400 86.923
249501 87.612
249600 87.166
249701 88.185
249800 87.103
249901 92.066
250000 91.501
250101 91.956
250200 91.953
250301 92.25
250400 92.01
250501 92.09
250600 92.06
250701 92.45
250800 91.875
250901 92.197
251000 91.766
251101 92.158
251200 91.701
251301 93.662
251400 91.988
251501 92.477
251600 92.272
251701 92.403
251800 91.601
251901 92.116
252000 74.846
252101 74.897
252200 74.337
252301 74.989
252400 74.607
252501 74.875
252600 74.927
252701 75.156
252800 74.612
252901 74.97
253000 75.378
253101 75.005
253200 74.764
253301 75.117
253400 74.67
253501 75.2
253600 74.848
253701 75.269
253800 75.228
253901 75.074
254000 90.206
254101 90.445
254200 90.106
254301 90.648
254400 90.437
254501 90.74
254600 90.183
254701 91.115
254800 90.07
254901 91.115
255000 90.281
255101 90.321
255200 90.035
255301 90.52
255400 91.006
255501 90.38
255600 90.409
255701 90.724
255800 90.297
255901 90.701
256000 86.842
256101 87.253
256200 86.486
256301 87.125
256400 86.69
256501 87.774
256600 87.192
256701 87.411
256800 86.857
256901 87.203
257000 86.497
257101 87.719
257200 86.722
257301 87.132
257400 86.903
257501 87.261
257600 88.219
257701 87.608
257800 86.883
257901 88.253
258000 87.268
258101 99.634
258200 98.473
258301 98.722
258400 98.471
258501 98.543
258600 98.315
258701 98.44
258800 98.2
258901 98.763
259000 98.305
259101 98.576
259200 103.8
259301 101.774
259400 99.066
259501 98.747
259600 98.994
259701 99.365
259800 99.672
259901 98.824
260000 98.454
260101 100.573
260200 100.598
260301 99.342
260400 98.861
260501 100.72
260600 103.227
260701 99.561
260800 99.953
260901 106.924
261000 105.263
261101 116.168
261200 113.107
261301 102.513
261400 102.289
261501 102.795
261600 110.031
261701 122.151
261800 139.133
261901 110.922
262000 105.251
262101 105.843
262200 110.34
262301 108.075
262400 106.304
262501 108.182
262600 108.637
262701 107.902
262800 114.761
262901 107.821
263000 107.63
263101 108.489
263200 108.214
263301 108.477
263400 108.459
263501 107.921
263600 108.949
263701 111.023
263800 112.738
263901 118.192
264000 126.338
264101 122.234
264200 120.891
264301 103.781
264400 104.036
264501 105.44
264600 103.574
264701 101.944
264800 103.063
264901 104.237
265000 102.516
265101 104.563
265200 104.318
265301 105.559
265400 102.504
265501 117.617
265600 124.09
265701 126.308
265800 148.117
265901 136.951
266000 105.473
266101 105.338
266200 106.852
266301 106.367
266400 106.861
266501 110.694
266600 107.93
266701 106.313
266800 105.74
266901 107.037
267000 116.576
267101 112.483
267200 110.101
267301 129.15
267400 163.33
267501 174.334
267600 135.228
267701 144.411
267800 154.313
267901 177.754
268000 168.546
268101 131.065
268200 187.169
268301 146.323
268400 132.65
268501 157.692
268600 135
268701 142.192
268800 159.896
268901 114.812
269000 123.344
269101 146.569
269200 148.08
269301 122.226
269400 151.816
269501 126.652
269600 121.479
269701 120.593
269800 112.605
269901 148.737
270000 111.949
270101 125.071
270200 112.097
270301 107.614
270400 119.242
270501 104.16
270600 104.747
270701 104.189
270800 102.19
270901 100.597
271000 100.405
271101 100.547
271200 100.626
271301 100.473
271400 100.263
271501 102.671
271600 107.588
271701 108.837
271800 108.461
271901 107.251
272000 103.14
272101 103.584
272200 102.086
272301 101.277
272400 100.764
272501 101.009
272600 100.634
272701 113.186
272800 125.31
272901 126.548
273000 112.058
273101 114.257
273200 110.58
273301 111.264
273400 110.331
273501 110.252
273600 111.283
273701 111.151
273800 114.797
273901 118.687
274000 113.704
274101 113.732
274200 110.525
274301 112.781
274400 116.503
274501 113.239
274600 112.17
274701 115.277
274800 112.174
274901 116.424
275000 118.98
275101 113.785
275200 111.094
275301 113.859
275400 113.125
275501 114.343
275600 116.29
275701 118.387
275800 110.007
275901 114.322
276000 109.414
276101 108.655
276200 106.514
276301 110.923
276400 107.446
276501 105.587
276600 108.049
276701 102.695
276800 102.177
276901 101.919
277000 100.96
277101 99.214
277200 99.236
277301 100.012
277400 99.264
277501 99.187
277600 98.855
277701 100.223
277800 101.697
277901 99.461
278000 98.912
278101 99.359
278200 99.027
278301 99.684
278400 100.357
278501 100.122
278600 103.878
278701 104.303
278800 104.135
278901 104.081
279000 104.434
279101 105.57
279200 103.968
279301 104.101
279400 104.104
279501 104.243
279600 104.069
279701 104.127
279800 105.111
279901 118.022
280000 116.964
280101 107.717
280200 106.796
280301 105.242
280400 103.846
280501 104.459
280600 103.687
280701 104.295
280800 103.938
280901 104.314
281000 104.35
281101 103.831
281200 104.071
281301 104.57
281400 106.453
281501 107.208
281600 104.962
281701 104.309
281800 103.851
281901 104.24
282000 103.94
282101 104.198
282200 104.41
282301 106.08
282400 104.795
282501 104.821
282600 104.001
282701 101.021
282800 102.106
282901 100.404
283000 99.99
283101 101.069
283200 99.846
283301 105.323
283400 110.156
283501 108.643
283600 105.388
283701 107.838
283800 109.443
283901 108.708
284000 103.941
284101 105.171
284200 102.728
284301 102.235
284400 100.678
284501 102.209
284600 102.983
284701 109.635
284800 100.145
284901 100.345
285000 99.991
285101 100.832
285200 100.227
285301 100.66
285400 100.306
285501 100.775
285600 100.229
285701 100.363
285800 100.006
285901 106.235
286000 110.061
286101 109.203
286200 107.536
286301 105.446
286400 104.299
286501 109.444
286600 106.887
286701 107.536
286800 109.363
286901 114.153
287000 113.671
287101 113.609
287200 109.76
287301 109.212
287400 106.618
287501 106.767
287600 106.288
287701 107.026
287800 106.071
287901 106.791
288000 109.303
288101 113.178
288200 113.204
288301 113.2
288400 113.478
288501 111.683
288600 108.892
288701 107.245
288800 107.798
288901 107.713
289000 106.405
289101 107.034
289200 106.497
289301 109.578
289400 107.824
289501 107.346
289600 106.863
289701 106.827
289800 106.947
289901 107.1
290000 107.035
290101 106.961
290200 106.734
290301 107.553
290400 108.851
290501 108.135
290600 106.71
290701 107.948
290800 106.01
290901 116.248
291000 115.571
291101 116.373
291200 116.378
291301 116.321
291400 115.779
291501 118.107
291600 127.839
291701 119.012
291800 115.396
291901 116.186
292000 115.466
292101 116.069
292200 116.543
292301 116.347
292400 116.084
292501 115.975
292600 115.712
292701 115.995
292800 115.729
292901 106.999
293000 106.45
293101 106.856
293200 106.473
293301 107.316
293400 106.657
293501 107.079
293600 106.777
293701 107.144
293800 106.468
293901 107.008
294000 107.304
294101 107.447
294200 107.358
294301 108.099
294400 106.435
294501 107.175
294600 106.716
294701 107.277
294800 106.918
294901 108.354
295000 114.574
295101 118.245
295200 120.485
295301 122.086
295400 120.628
295501 118.068
295600 116.346
295701 114.008
295800 114.177
295901 114.158
296000 117.982
296101 119.945
296200 120.355
296301 117.926
296400 114.976
296501 115.053
296600 112.885
296701 112.634
296800 112.358
296901 112.359
297000 112.06
297101 112.377
297200 111.58
297301 111.969
297400 111.785
297501 122.242
297600 114.701
297701 114.003
297800 117.096
297901 112.784
298000 113.579
298101 117.908
298200 127.395
298301 118.592
298400 114.898
298501 114.692
298600 112.852
298701 118.252
298800 114.959
298901 112.982
299000 112.919
299101 115.914
299200 113.346
299301 111.227
299400 118.96
299501 115.453
299600 112.14
299701 111.78
299800 114.414
299901 119.366
300000 113.193
300101 120.049
300200 117.654
300301 119.457
300400 114.352
300501 111.434
300600 110.104
300701 109.654
300800 114.589
300901 124.155
301000 122.546
301101 115.945
301200 114.992
301301 110.92
301400 112.925
301501 109.73
301600 109.906
301701 118.554
301800 123.329
301901 117.703
302000 108.588
302101 107.84
302200 108.172
302301 108.628
302400 107.501
302501 107.936
302600 107.856
302701 108.102
302800 107.683
302901 108.686
303000 107.461
303101 107.685
303200 112.109
303301 112.79
303400 113.38
303501 112.719
303600 111.998
303701 112.686
303800 112.029
303901 112.944
304000 112.593
304101 112.408
304200 112.016
304301 112.581
304400 112.502
304501 113.416
304600 113.796
304701 112.476
304800 112.604
304901 112.417
305000 113.079
305101 112.641
305200 112.381
305301 112.796
305400 112.403
305501 113.549
305600 112.108
305701 112.652
305800 112.615
305901 112.98
306000 112.729
306101 113.088
306200 112.534
306301 113.056
306400 112.727
306501 112.811
306600 112.878
306701 112.762
306800 112.19
306901 112.804
307000 112.6
307101 113.146
307200 109.144
307301 107.582
307400 107.138
307501 107.692
307600 107.476
307701 107.782
307800 107.219
307901 107.794
308000 107.465
308101 108.141
308200 107.49
308301 107.76
308400 107.558
308501 107.56
308600 107.25
308701 108.209
308800 107.456
308901 107.736
309000 108.037
309101 107.677
309200 107.155
309301 108.414
309400 107.017
309501 107.768
309600 107.142
309701 107.954
309800 107.714
309901 108.01
310000 108.047
310101 107.451
310200 107.124
310301 107.76
310400 108.304
310501 108.155
310600 107.329
310701 107.755
310800 107.727
310901 108.307
311000 107.228
311101 108.019
311200 107.665
311301 114.928
311400 114.97
311501 115.173
311600 114.723
311701 115.292
311800 114.371
311901 115.101
312000 114.502
312101 114.943
312200 114.327
312301 115.357
312400 114.692
312501 115.395
312600 114.526
312701 115.315
312800 114.545
312901 115.239
313000 114.521
313101 115.164
313200 115.176
313301 115.256
313400 115.398
313501 115.138
313600 114.443
313701 115.229
313800 114.376
313901 114.851
314000 114.669
314101 116.382
314200 114.754
314301 115.642
314400 114.497
314501 115.437
314600 114.663
314701 115.601
314800 114.546
314901 115.273
315000 114.841
315101 115.555
315200 114.413
315301 115.483
315400 108.734
315501 109.088
315600 108.266
315701 109.156
315800 108.663
315901 109.136
316000 109.162
316101 109.254
316200 109.048
316301 109.251
316400 108.693
316501 109.781
316600 109.218
316701 109.182
316800 108.955
316901 109.545
317000 109.252
317101 109.06
317200 109.052
317301 109.329
317400 108.883
317501 109.396
317600 108.913
317701 109.225
317800 109.376
317901 109.55
318000 108.956
318101 109.346
318200 109.274
318301 109.491
318400 108.746
318501 109.345
318600 109.376
318701 110.034
318800 108.916
318901 109.512
319000 108.827
319101 109.44
319200 108.732
319301 109.418
319400 109.188
319501 120.75
319600 120.342
319701 120.614
319800 120.286
319901 120.792
320000 120.317
320101 120.479
320200 120.86
320301 120.975
320400 120.64
320501 120.519
320600 119.968
320701 120.971
320800 120.658
320901 120.861
321000 120.05
321101 120.544
321200 120.295
321301 120.725
321400 120.696
321501 120.714
321600 120.562
321701 121.049
321800 120.717
321901 121.072
322000 120.765
322101 120.916
322200 120.233
322301 121.301
322400 120.319
322501 120.788
322600 120.594
322701 121.099
322800 120.308
322901 121.372
323000 120.65
323101 120.983
323200 120.619
323301 121.084
323400 120.89
323501 122.112
323600 132.812
323701 132.36
323800 132.186
323901 132.259
324000 132.188
324101 132.522
324200 132.546
324301 132.598
324400 132.082
324501 132.505
324600 132.303
324701 132.681
324800 131.967
324901 132.826
325000 132.93
325101 132.879
325200 132.248
325301 132.83
325400 133.034
325501 132.539
325600 132.03
325701 122.092
325800 121.825
325901 122.424
326000 121.315
326101 122.029
326200 121.317
326301 122.178
326400 121.531
326501 122.538
326600 121.792
326701 122.241
326800 121.325
326901 122.11
327000 121.982
327101 122.205
327200 121.836
327301 122.161
327400 121.441
327501 122.4
327600 121.894
327701 125.716
327800 125.061
327901 125.671
328000 125.303
328101 125.418
328200 124.942
328301 125.717
328400 124.936
328501 125.633
328600 124.998
328701 125.951
328800 124.658
328901 125.769
329000 124.828
329101 125.713
329200 124.757
329301 125.706
329400 125.23
329501 125.644
329600 125.013
329701 125.741
329800 125.602
329901 125.996
330000 125.414
330101 125.36
330200 124.961
330301 125.631
330400 125.115
330501 125.315
330600 125.316
330701 125.683
330800 125.343
330901 125.747
331000 125.381
331101 125.532
331200 125.369
331301 125.917
331400 125.457
331501 125.666
331600 125.28
331701 125.695
331800 122.621
331901 122.395
332000 122.389
332101 122.522
332200 122.218
332301 122.499
332400 121.67
332501 122.452
332600 121.831
332701 122.281
332800 122.645
332901 122.393
333000 122.595
333101 122.451
333200 122.058
333301 122.608
333400 122.182
333501 122.933
333600 122.623
333701 122.786
333800 122.871
333901 122.923
334000 122.236
334101 122.579
334200 122.288
334301 122.511
334400 141.566
334501 123.065
334600 123.907
334701 122.602
334800 122.957
334901 122.729
335000 122.504
335101 122.873
335200 122.463
335301 122.869
335400 122.433
335501 122.936
335600 122.416
335701 128.329
335800 122.454
335901 126.125
336000 125.786
336101 125.795
336200 125.574
336301 125.961
336400 125.297
336501 125.904
336600 125.478
336701 125.975
336800 125.282
336901 125.892
337000 125.786
337101 125.942
337200 125.632
337301 126.112
337400 125.534
337501 126.058
337600 125.78
337701 126.256
337800 126.102
337901 126.301
338000 128.358
338101 126.184
338200 125.231
338301 126.213
338400 126.318
338501 126.471
338600 125.717
338701 126.378
338800 125.47
338901 126.426
339000 125.714
339101 126.495
339200 125.634
339301 128.218
339400 126.257
339501 126.635
339600 125.777
339701 126.85
339800 125.743
339901 126.169
340000 124.287
340101 124.827
340200 124.391
340301 124.879
340400 124.037
340501 125.183
340600 124.55
340701 125.132
340800 124.353
340901 124.97
341000 124.114
341101 125.04
341200 124.223
341301 124.895
341400 123.962
341501 124.801
341600 126.888
341701 124.913
341800 124.134
341901 124.941
342000 124.399
342101 125.073
342200 124.619
342301 124.88
342400 124.693
342501 125.157
342600 124.361
342701 125.111
342800 124.593
342901 124.818
343000 124.9
343101 125.322
343200 124.605
343301 124.883
343400 124.893
343501 124.958
343600 124.77
343701 124.778
343800 124.525
343901 125.237
344000 124.721
344101 129.925
344200 129.637
344301 129.76
344400 129.486
344501 129.917
344600 129.381
344701 129.903
344800 130.253
344901 129.941
345000 129.49
345101 130.188
345200 129.621
345301 130.006
345400 129.377
345501 130.355
345600 129.97
345701 130.154
345800 130.118
345901 130.102
346000 129.379
346101 130.279
346200 129.594
346301 130.453
346400 130.313
346501 130.297
346600 129.597
346701 130.223
346800 129.698
346901 130.429
347000 129.589
347101 130.059
347200 129.979
347301 130.858
347400 130.041
347501 130.33
347600 129.86
347701 130.243
347800 130.38
347901 130.28
348000 131.031
348101 130.553
348200 125.619
348301 126.274
348400 126.49
348501 126.177
348600 126.447
348701 125.906
348800 125.437
348901 126.371
349000 125.402
349101 126.081
349200 125.356
349301 126.283
349400 125.479
349501 126.582
349600 126.039
349701 126.162
349800 125.307
349901 126.904
350000 126.281
350101 126.632
350200 125.701
350301 126.281
350400 125.992
350501 126.301
350600 125.476
350701 126.407
350800 129.366
350901 126.934
351000 125.529
351101 126.431
351200 125.437
351301 126.44
351400 126.122
351501 126.507
351600 125.885
351701 126.45
351800 126.114
351901 126.826
352000 125.737
352101 126.722
352200 126.004
352301 130.594
352400 129.991
352501 130.769
352600 129.885
352701 130.351
352800 130.003
352901 130.849
353000 130.218
353101 130.932
353200 130.118
353301 130.423
353400 130.288
353501 130.713
353600 130.01
353701 130.985
353800 130.254
353901 130.736
354000 130.716
354101 130.847
354200 130.328
354301 132.233
354400 130.269
354501 132.112
354600 130.268
354701 130.715
354800 129.918
354901 130.985
355000 130.545
355101 130.898
355200 130.969
355301 130.946
355400 131.011
355501 131.115
355600 130.786
355701 131.187
355800 130.72
355901 131.165
356000 131.089
356101 131.348
356200 131.125
356301 130.78
356400 121.34
356501 122.356
356600 121.592
356701 122.043
356800 121.48
356901 122.155
357000 122.928
357101 124.434
357200 121.609
357301 122.12
357400 121.659
357501 135.532
357600 121.777
357701 122.187
357800 121.775
357901 121.921
358000 121.58
358101 122.317
358200 121.847
358301 122.457
358400 121.785
358501 122.166
358600 121.982
358701 122.229
358800 121.547
358901 121.993
359000 122.011
359101 122.414
359200 121.861
359301 122.562
359400 121.921
359501 122.115
359600 122.345
359701 122.375
359800 121.89
359901 122.548
360000 122.156
360101 122.32
360200 121.988
360301 122.013
360400 121.698
360501 123.985
360600 121.924
360701 123.777
360800 123.371
360901 123.685
361000 126.002
361101 123.69
361200 123.901
361301 122.134
361400 123.194
361501 123.902
361600 124.138
361701 123.899
361800 123.24
361901 123.917
362000 121.976
362101 123.665
362200 123.182
362301 123.906
362400 123.363
362501 124.237
362600 123.613
362701 123.705
362800 123.475
362901 124.019
363000 123.269
363101 124.196
363200 123.413
363301 123.819
363400 123.299
363501 124.148
363600 123.643
363701 124.348
363800 123.865
363901 124.513
364000 123.65
364101 123.972
364200 123.476
364301 124.02
364400 123.312
364501 124.153
364600 123.481
364701 124.68
364800 123.547
364901 124.429
365000 123.249
365101 123.778
365200 125.73
365301 124.16
365400 123.531
365501 124.287
365600 123.478
365701 123.711
365800 124.032
365901 124.206
366000 123.313
366101 123.933
366200 123.331
366301 124.881
366400 123.911
366501 124.249
366600 123.863
366701 123.817
366800 123.505
366901 124.07
367000 123.628
367101 124.626
367200 124.01
367301 124.46
367400 124.308
367501 124.164
367600 124.18
367701 124.646
367800 124.048
367901 124.27
368000 125.016
368101 124.527
368200 123.824
368301 124.438
368400 124.059
368501 125.094
368600 123.597
368701 122.928
368800 120.204
368901 122.755
369000 121.803
369101 122.369
369200 122.156
369301 122.496
369400 121.933
369501 120.82
369600 121.865
369701 122.604
369800 121.917
369901 122.225
370000 121.931
370101 121.377
370200 122.647
370301 123.294
370400 121.892
370501 122.71
370600 122.142
370701 122.859
370800 121.981
370901 122.469
371000 122.196
371101 122.892
371200 122.082
371301 122.248
371400 122.131
371501 122.491
371600 121.937
371701 122.594
371800 121.615
371901 122.734
372000 122.376
372101 123.013
372200 122.061
372301 122.626
372400 121.87
372501 122.786
372600 121.842
372701 123.017
372800 121.999
372901 127.119
373000 122.151
373101 122.213
373200 121.988
373301 123.192
373400 121.744
373501 123.176
373600 122.735
373701 122.944
373800 121.919
373901 122.917
374000 122.114
374101 122.638
374200 121.676
374301 122.769
374400 121.796
374501 122.539
374600 122.619
374701 123.141
374800 121.899
374901 122.964
375000 122.231
375101 123.192
375200 122.13
375301 122.923
375400 121.965
375501 123.071
375600 123.177
375701 122.83
375800 122.079
375901 122.952
376000 122.069
376101 122.814
376200 122.895
376301 123.177
376400 122.382
376501 122.811
376600 122.944
376701 123.439
376800 122.846
376901 126.57
377000 123.315
377101 125.832
377200 125.358
377301 125.663
377400 124.345
377501 125.444
377600 125.155
377701 124.154
377800 125.422
377901 125.329
378000 125.193
378101 125.701
378200 124.991
378301 123.779
378400 124.913
378501 125.315
378600 125.721
378701 125.431
378800 124.659
378901 125.673
379000 125.508
379101 126.318
379200 125.157
379301 125.765
379400 124.537
379501 125.807
379600 125.197
379701 125.663
379800 124.892
379901 125.817
380000 125.074
380101 132.459
380200 124.497
380301 125.366
380400 124.705
380501 125.821
380600 125.172
380701 125.463
380800 125.383
380901 126.065
381000 125.362
381101 125.732
381200 125.796
381301 125.548
381400 125.271
381501 125.792
381600 125.335
381701 125.823
381800 125.861
381901 125.665
382000 125.326
382101 125.74
382200 125.028
382301 126.209
382400 125.616
382501 126.126
382600 125.619
382701 130.282
382800 125.106
382901 125.673
383000 125.71
383101 125.713
383200 125.54
383301 125.998
383400 125.678
383501 125.996
383600 125.677
383701 126.406
383800 125.347
383901 126.208
384000 125.85
384101 125.91
384200 125.966
384301 126.037
384400 125.974
384501 125.906
384600 126.032
384701 126.06
384800 125.392
384901 126.35
385000 129.146
385101 144.607
385200 144.193
385301 146.542
385400 144.445
385501 144.933
385600 144.395
385701 145.455
385800 144.262
385901 144.725
386000 144.066
386101 145.718
386200 144.57
386301 144.921
386400 144.262
386501 144.972
386600 144.365
386701 144.834
386800 144.697
386901 144.853
387000 144.288
387101 145.09
387200 144.068
387301 145.435
387400 144.373
387501 145.467
387600 144.33
387701 145.048
387800 144.533
387901 145.531
388000 145.371
388101 146.347
388200 144.811
388301 145.427
388400 144.292
388501 145.355
388600 144.459
388701 145.249
388800 144.359
388901 145.458
389000 144.571
389101 145.199
389200 153.116
389301 152.93
389400 153.001
389501 153.357
389600 152.604
389701 152.905
389800 152.557
389901 153.577
390000 153.136
390101 153.787
390200 152.698
390301 153.691
390400 152.631
390501 153.461
390600 152.684
390701 153.446
390800 153.118
390901 153.07
391000 152.19
391101 153.6
391200 152.933
391301 153.329
391400 152.822
391501 153.4
391600 153.987
391701 153.062
391800 152.73
391901 154.275
392000 153.03
392101 153.463
392200 152.966
392301 153.288
392400 152.783
392501 153.482
392600 153.419
392701 153.769
392800 153.155
392901 154.143
393000 153.577
393101 153.336
393200 152.912
393301 158.801
393400 158.238
393501 158.701
393600 157.985
393701 158.74
393800 158.345
393901 159.186
394000 159.005
394101 158.744
394200 158.309
394301 158.768
394400 158.419
394501 164.054
394600 158.422
394701 158.937
394800 158.865
394901 158.918
395000 159.275
395101 159.173
395200 158.571
395301 159.32
395400 158.244
395501 159.176
395600 158.393
395701 159.414
395800 158.721
395901 158.964
396000 158.504
396101 159.096
396200 158.258
396301 159.099
396400 158.207
396501 159.391
396600 158.247
396701 159.37
396800 158.398
396901 159.382
397000 158.694
397101 159.403
397200 158.297
397301 159.187
397400 153.532
397501 154.919
397600 153.845
397701 154.862
397800 153.777
397901 154.332
398000 154.197
398101 154.27
398200 153.381
398301 154.343
398400 153.937
398501 154.167
398600 153.187
398701 153.982
398800 154.538
398901 154.328
399000 154.141
399101 154.495
399200 153.323
399301 155.246
399400 154.035
399501 154.559
399600 153.805
399701 154.096
399800 154.534
399901 154.414
400000 153.775
400101 155.076
400200 153.636
400301 154.566
400400 153.979
400501 154.404
400600 154.09
400701 154.876
400800 158.304
400901 154.663
401000 153.867
401101 154.503
401200 153.896
401301 154.809
401400 156.262
401501 160.8
401600 158.806
401701 159.494
401800 159.236
401901 159.504
402000 159.424
402101 159.966
402200 159.044
402301 159.895
402400 158.882
402501 159.776
402600 159.178
402701 159.353
402800 159.371
402901 159.987
403000 159.308
403101 159.907
403200 159.649
403301 159.932
403400 158.948
403501 159.588
403600 159.781
403701 159.685
403800 159.08
403901 159.871
404000 159.524
404101 159.398
404200 159.17
404301 159.8
404400 160.68
404501 159.817
404600 159.373
404701 159.95
404800 159.1
404901 160.319
405000 159.684
405101 160.141
405200 159.811
405301 160.082
405400 159.633
405501 157.243
405600 152.995
405701 153.232
405800 152.165
405901 153.189
406000 153.309
406101 153.073
406200 152.742
406301 153.516
406400 153.057
406501 154.349
406600 153.077
406701 153.425
406800 152.948
406901 154.065
407000 153.498
407101 158.605
407200 152.515
407301 153.565
407400 152.859
407501 153.303
407600 153.143
407701 153.492
407800 152.662
407901 153.744
408000 152.837
408101 153.717
408200 153.107
408301 153.965
408400 153.445
408501 153.657
408600 153.217
408701 154.133
408800 153.239
408901 154.256
409000 153.221
409101 154.126
409200 152.997
409301 153.845
409400 153.028
409501 153.555
409600 157.536
409701 160.446
409800 159.458
409901 160.17
410000 159.322
410101 160.868
410200 159.809
410301 160.42
410400 159.605
410501 160.222
410600 159.693
410701 160.621
410800 159.794
410901 160.969
411000 160.222
411101 160.278
411200 159.634
411301 160.292
411400 159.501
411501 160.721
411600 161.377
411701 160.348
411800 159.252
411901 160.9
412000 159.868
412101 160.596
412200 160.106
412301 160.606
412400 159.798
412501 160.469
412600 159.816
412701 161.065
412800 160.033
412901 161.121
413000 159.828
413101 160.753
413200 160.274
413301 161.797
413400 161.102
413501 160.905
413600 159.956
413701 154.898
413800 155.243
413901 154.954
414000 154.173
414101 155.082
414200 154.182
414301 154.927
414400 154.555
414501 154.805
414600 154.492
414701 154.798
414800 155.048
414901 154.872
415000 154.377
415101 155.193
415200 154.097
415301 154.755
415400 154.443
415501 154.919
415600 154.402
415701 154.819
415800 154.314
415901 154.905
416000 154.324
416101 155.256
416200 154.022
416301 155.092
416400 155.126
416501 155.57
416600 154.449
416701 155.443
416800 154.399
416901 155.248
417000 154.381
417101 155.36
417200 154.167
417301 155.38
417400 154.588
417501 155.26
417600 154.59
417701 155.116
417800 160.64
417901 161.46
418000 160.64
418101 161.387
418200 160.761
418301 161.542
418400 161.464
418501 162.686
418600 160.742
418701 161.224
418800 161.012
418901 161.935
419000 160.874
419101 161.633
419200 160.893
419301 161.891
419400 161.282
419501 161.773
419600 161.202
419701 161.543
419800 161.625
419901 161.884
420000 162.026
420101 162.271
420200 161.925
420301 161.318
420400 161.062
420501 161.839
420600 162.248
420701 162.093
420800 161.321
420901 161.688
421000 161.158
421101 166.854
421200 164.174
421301 162.189
421400 162.122
421501 162.179
421600 161.805
421701 161.954
421800 161.117
421901 161.827
422000 160.593
422101 161.867
422200 161.532
422301 161.469
422400 161.233
422501 161.709
422600 160.928
422701 161.319
422800 160.626
422901 161.822
423000 160.645
423101 162.53
423200 161.044
423301 162.113
423400 161.19
423501 161.658
423600 160.536
423701 161.651
423800 161.169
423901 162.074
424000 161.113
424101 161.806
424200 160.907
424301 161.53
424400 161.159
424501 162.024
424600 161.319
424701 161.904
424800 160.967
424901 161.857
425000 161.195
425101 161.6
425200 160.941
425301 161.807
425400 161.141
425501 162.129
425600 162.886
425701 163.009
425800 167.864
425901 162.001
426000 169.794
426101 171.026
426200 169.817
426301 171.114
426400 171.491
426501 170.668
426600 170.214
426701 171.191
426800 170.071
426901 170.642
427000 170.635
427101 170.895
427200 169.979
427301 171.08
427400 170.712
427501 171.078
427600 170.36
427701 170.509
427800 170.028
427901 170.848
428000 170.31
428101 171.12
428200 170.494
428301 170.789
428400 171.311
428501 171.338
428600 170.328
428701 171.109
428800 170.194
428901 171.073
429000 169.981
429101 170.826
429200 170.406
429301 170.903
429400 170.235
429501 171.14
429600 170.457
429701 171.182
429800 170.965
429901 171.482
430000 170.073
430101 164.141
430200 163.568
430301 164.431
430400 163.384
430501 164.495
430600 163.825
430701 164.105
430800 163.298
430901 163.952
431000 163.272
431101 163.938
431200 163.632
431301 164.199
431400 163.626
431501 164.296
431600 163.547
431701 164.538
431800 163.379
431901 164.673
432000 163.838
432101 164.017
432200 163.515
432301 164.467
432400 163.714
432501 164.246
432600 163.779
432701 164.293
432800 163.597
432901 164.764
433000 163.532
433101 164.669
433200 164.205
433301 165.061
433400 163.532
433501 164.976
433600 163.842
433701 164.374
433800 163.952
433901 164.446
434000 163.558
434101 164.541
434200 169.128
434301 170.482
434400 169.28
434501 170.889
434600 169.227
434701 169.986
434800 169.855
434901 170.544
435000 169.442
435101 170.111
435200 169.799
435301 171.326
435400 169.226
435501 170.621
435600 170.952
435701 169.979
435800 169.803
435901 169.934
436000 169.396
436101 170.263
436200 169.988
436301 170.735
436400 169.763
436501 170.373
436600 170.418
436701 170.585
436800 169.86
436901 170.528
437000 169.686
437101 170.259
437200 169.477
437301 171.334
437400 169.891
437501 170.469
437600 169.615
437701 170.152
437800 170.344
437901 170.427
438000 170.06
438101 170.749
438200 169.642
438301 161.918
438400 161.156
438501 162.14
438600 161.403
438701 162.097
438800 160.942
438901 162.117
439000 161.395
439101 162.307
439200 161.287
439301 161.816
439400 161.778
439501 162.056
439600 161.834
439701 162.3
439800 161.464
439901 162.311
440000 161.209
440101 162.028
440200 161.84
440301 162.276
440400 162.561
440501 163.07
440600 161.605
440701 162.088
440800 162.461
440901 162.523
441000 161.908
441101 162.017
441200 161.64
441301 162.494
441400 161.614
441501 162.501
441600 162.088
441701 162.404
441800 161.721
441901 162.456
442000 162.867
442101 162.924
442200 162.485
442301 162.531
442400 174.55
442501 175.21
442600 174.437
442701 175.348
442800 174.894
442901 175.218
443000 174.626
443101 176.129
443200 174.512
443301 176.061
443400 174.859
443501 175.629
443600 174.391
443701 175.726
443800 175.329
443901 175.763
444000 174.735
444101 175.141
444200 174.674
444301 175.349
444400 175.348
444501 175.629
444600 174.846
444701 175.5
444800 174.906
444901 175.656
445000 174.699
445101 175.806
445200 174.643
445301 175.245
445400 174.579
445501 175.439
445600 174.985
445701 175.434
445800 175.131
445901 175.308
446000 175.194
446101 175.598
446200 175.003
446301 175.704
446400 174.383
446501 166.621
446600 166.058
446701 166.786
446800 166.064
446901 166.843
447000 165.633
447101 166.408
447200 165.773
447301 166.581
447400 166.244
447501 166.689
447600 165.63
447701 167.002
447800 166.054
447901 167.232
448000 165.808
448101 166.435
448200 165.93
448301 166.934
448400 166.252
448501 166.935
448600 165.994
448701 167.141
448800 165.832
448901 167.144
449000 166.216
449101 167.211
449200 166.505
449301 166.901
449400 166.028
449501 168.25
449600 166.233
449701 167.356
449800 166.353
449901 167.179
450000 166.195
450101 167.315
450200 166.223
450301 167.149
450400 166.505
450501 166.738
450600 181.39
450701 182.518
450800 181.386
450901 182.431
451000 181.486
451101 182.192
451200 181.467
451301 182.557
451400 181.761
451501 182.298
451600 181.543
451701 182.573
451800 181.776
451901 182.743
452000 182.451
452101 182.51
452200 181.703
452301 182.61
452400 181.971
452501 182.273
452600 182.317
452701 182.418
452800 181.431
452901 182.307
453000 181.721
453101 182.572
453200 181.847
453301 182.864
453400 182.807
453501 182.673
453600 181.522
453701 182.396
453800 181.41
453901 182.578
454000 182.362
454101 182.688
454200 181.855
454301 182.447
454400 182.214
454501 187.084
454600 182.017
454701 187.411
454800 186.573
454901 187.296
455000 187.075
455101 187.227
455200 186.863
455301 187.401
455400 186.868
455501 187.61
455600 186.65
455701 187.437
455800 187.835
455901 192.175
456000 187.064
456101 187.721
456200 186.934
456301 187.642
456400 186.906
456501 187.754
456600 186.865
456701 187.71
456800 187.072
456901 187.692
457000 187.222
457101 187.664
457200 186.828
457301 188.87
457400 186.981
457501 188.006
457600 188.746
457701 187.832
457800 187.141
457901 188.118
458000 187.032
458101 188.436
458200 187.413
458301 187.819
458400 187.996
458501 187.701
458600 186.753
458701 188.076
458800 196.582
458901 195.873
459000 195.205
459101 196.386
459200 195.623
459301 195.827
459400 196.265
459501 196.717
459600 195.725
459701 197.845
459800 195.981
459901 196.534
460000 195.852
460101 196.6
460200 195.663
460301 196.46
460400 195.473
460501 196.623
460600 195.437
460701 196.171
460800 196.128
460901 196.659
461000 195.718
461101 196.3
461200 196.216
461301 196.436
461400 195.743
461501 196.297
461600 195.627
461701 196.298
461800 195.612
461901 196.967
462000 196.227
462101 197.062
462200 196.302
462301 196.445
462400 196.117
462501 196.293
462600 196.157
462701 196.394
462800 195.701
462901 189.877
463000 189.365
463101 189.625
463200 188.981
463301 189.499
463400 188.708
463501 189.108
463600 190.095
463701 189.732
463800 188.6
463901 189.652
464000 189.685
464101 189.624
464200 188.927
464301 190.082
464400 189.472
464501 190.018
464600 188.808
464701 190.066
464800 190.998
464901 190.285
465000 189.434
465101 189.763
465200 190.178
465301 190.206
465400 189.112
465501 189.975
465600 188.988
465701 190.357
465800 190.137
465901 190.241
466000 189.115
466101 189.865
466200 189.213
466301 190.388
466400 189.895
466501 190.12
466600 190.236
466701 190.25
466800 189.202
466901 189.755
467000 195.159
467101 196.044
467200 195.399
467301 195.871
467400 195.187
467501 196.304
467600 195.488
467701 196.038
467800 195.117
467901 195.877
468000 195.378
468101 195.558
468200 195.23
468301 196.615
468400 195.842
468501 196.074
468600 195.457
468701 198.935
468800 195.537
468901 195.97
469000 195.611
469101 196.668
469200 196.079
469301 196.884
469400 195.752
469501 196.114
469600 195.939
469701 196.887
469800 195.809
469901 197.161
470000 195.641
470101 196.587
470200 196.097
470301 196.679
470400 196.104
470501 196.56
470600 195.503
470701 195.914
470800 195.509
470901 196.038
471000 196.069
471101 188.752
471200 187.825
471301 188.147
471400 187.396
471501 188.541
471600 187.538
471701 190.237
471800 188.16
471901 188.553
472000 188.085
472101 188.643
472200 187.511
472301 188.688
472400 188.674
472501 188.839
472600 188.88
472701 188.925
472800 187.7
472901 189.902
473000 187.981
473101 189.287
473200 187.763
473301 188.507
473400 188.188
473501 189.178
473600 188.154
473701 188.787
473800 188.023
473901 188.579
474000 188.561
474101 189.069
474200 188.326
474301 188.835
474400 188.363
474501 189.361
474600 188.792
474701 188.748
474800 188.381
474901 189.077
475000 188.828
475101 188.909
475200 199.194
475301 199.938
475400 199.395
475501 200.382
475600 199.047
475701 199.993
475800 199.087
475901 200.472
476000 199.485
476101 199.628
476200 198.83
476301 199.912
476400 199.248
476501 200.331
476600 199.177
476701 200.359
476800 199.502
476901 200.162
477000 199.082
477101 200.011
477200 199.543
477301 200.305
477400 200.096
477501 200.118
477600 199.527
477701 200.462
477800 199.345
477901 200.885
478000 200.118
478101 200.591
478200 199.507
478301 200.317
478400 200.033
478501 200.284
478600 199.309
478701 201.542
478800 199.774
478901 200.199
479000 199.949
479101 200.276
479200 199.53
479301 191.839
479400 191.875
479501 192.064
479600 191.172
479701 192.356
479800 190.96
479901 192.105
480000 191.302
480101 192.388
480200 191.863
480301 192.128
480400 192.627
480501 192.627
480600 192.637
480701 192.224
480800 191.199
480901 192.527
481000 191.795
481101 192.142
481200 191.155
481301 192.715
481400 191.904
481501 192.5
481600 191.589
481701 192.542
481800 192.361
481901 192.582
482000 192.202
482101 192.364
482200 191.951
482301 192.448
482400 191.591
482501 193.351
482600 192.171
482701 192.55
482800 191.802
482901 192.617
483000 191.768
483101 192.696
483200 191.334
483301 192.806
483400 203.602
483501 204.746
483600 203.481
483701 204.083
483800 203.565
483901 204.364
484000 203.732
484101 204.451
484200 203.538
484301 204.508
484400 203.274
484501 205.346
484600 204.073
484701 204.562
484800 204.52
484901 204.524
485000 203.819
485101 204.561
485200 203.668
485301 204.409
485400 203.919
485501 204.596
485600 203.39
485701 204.589
485800 203.365
485901 204.495
486000 203.532
486101 204.912
486200 204.638
486301 211.225
486400 204.399
486501 204.796
486600 204.093
486701 204.736
486800 204.743
486901 204.894
487000 204.282
487101 204.74
487200 204.372
487301 204.741
487400 204.4
487501 180.35
487600 179.119
487701 179.735
487800 178.48
487901 181.363
488000 179.167
488101 180.118
488200 179.366
488301 179.269
488400 179.527
488501 180.237
488600 179.216
488701 179.864
488800 178.965
488901 179.978
489000 179.838
489101 179.981
489200 178.75
489301 180.15
489400 179.174
489501 180.586
489600 179.688
489701 179.686
489800 179.046
489901 180.141
490000 179.394
490101 181.649
490200 179.87
490301 180.855
490400 179.327
490501 180.372
490600 179.224
490701 180.199
490800 178.926
490901 180.944
491000 179.35
491101 180.319
491200 179.639
491301 179.968
491400 179.6
491501 180.845
491600 189.979
491701 188.307
491800 189.519
491901 190.044
492000 189.152
492101 190.125
492200 189.313
492301 188.4
492400 188.92
492501 190.204
492600 190.941
492701 190.369
492800 189.515
492901 190.436
493000 187.325
493101 190.332
493200 189.773
493301 190.35
493400 190.146
493501 190.103
493600 189.738
493701 190.47
493800 189.511
493901 189.98
494000 189.425
494101 190.311
494200 189.439
494301 194.737
494400 189.475
494501 190.476
494600 189.573
494701 190.518
494800 189.049
494901 191
495000 189.858
495101 190.659
495200 190.297
495301 190.535
495400 191.367
495501 195.587
495600 189.679
495701 187.496
495800 187.89
495901 188.338
496000 187.42
496101 188.167
496200 187.688
496301 188.042
496400 187.659
496501 187.785
496600 186.993
496701 187.512
496800 186.956
496901 187.758
497000 186.927
497101 187.856
497200 190.154
497301 187.752
497400 187.633
497501 188.368
497600 187.684
497701 188.309
497800 186.942
497901 188.385
498000 187.925
498101 188.172
498200 187.947
498301 187.607
498400 188.165
498501 187.943
498600 187.732
498701 187.926
498800 188.462
498901 188.016
499000 187.316
499101 188.127
499200 187.24
499301 188.248
499400 187.257
499501 188.01
499600 187.19
499701 188.169
499800 178.306
499901 176.506
500000 177.269
500101 186.508
500200 177.621
500301 178.38
500400 177.628
500501 176.431
500600 178.573
500701 179.374
500800 178.06
500901 178.41
501000 177.505
501101 178.619
501200 176.803
501301 178.814
501400 178.012
501501 178.72
501600 178.146
501701 178.325
501800 177.34
501901 178.456
502000 177.594
502101 178.39
502200 177.868
502301 179.163
502400 178.768
502501 178.483
502600 177.748
502701 178.682
502800 177.73
502901 178.464
503000 178.631
503101 178.79
503200 177.448
503301 179.065
503400 177.824
503501 178.568
503600 180.958
503701 178.863
503800 167.025
503901 169.217
504000 167.354
504101 167.18
504200 166.792
504301 166.959
504400 166.203
504501 167.864
504600 166.457
504701 167.111
504800 166.227
504901 167.22
505000 166.169
505101 167.112
505200 167.306
505301 167.258
505400 166.308
505501 167.681
505600 166.838
505701 167.439
505800 166.453
505901 166.949
506000 166.261
506101 166.895
506200 167.09
506301 167.783
506400 166.196
506501 167.414
506600 167.222
506701 167.544
506800 166.578
506901 167.313
507000 166.578
507101 167.502
507200 167.244
507301 167.523
507400 167.546
507501 167.564
507600 166.739
507701 167.6
507800 167.103
507901 185.846
508000 189.446
508101 189.694
508200 188.642
508301 189.129
508400 201.786
508501 197.018
508600 192.321
508701 186.513
508800 209.01
508901 188.695
509000 188.631
509101 188.722
509200 187.595
509301 188.523
509400 185.578
509501 189.041
509600 187.31
509701 188.125
509800 191.426
509901 194.572
510000 195.73
510101 189.787
510200 186.945
510301 187.808
510400 191.438
510501 190.392
510600 188.328
510701 188.187
510800 188.486
510901 188.338
511000 186.8
511101 188.334
511200 187.868
511301 188.244
511400 187.116
511501 188.373
511600 187.49
511701 188.928
511800 191.103
511901 188.125
512000 183.749
512101 185.426
512200 183.869
512301 184.47
512400 185.257
512501 184.836
512600 183.986
512701 185.219
512800 183.722
512901 184.777
513000 184.602
513101 185.058
513200 183.718
513301 184.493
513400 184.74
513501 185.301
513600 183.484
513701 185.327
513800 184.671
513901 184.603
514000 184.073
514101 185.001
514200 184.471
514301 184.842
514400 183.829
514501 185.272
514600 184.116
514701 185.345
514800 184.361
514901 184.97
515000 184.514
515101 185.024
515200 184.04
515301 185.329
515400 184.621
515501 185.184
515600 184.539
515701 184.649
515800 183.953
515901 185.623
516000 192.626
516101 213.399
516200 210.379
516301 212.359
516400 210.948
516501 214.492
516600 212.766
516701 220.706
516800 222.932
516901 219.294
517000 210.889
517101 212.39
517200 211.483
517301 213.133
517400 210.69
517501 212.95
517600 213.886
517701 212.143
517800 212.44
517901 212.384
518000 218.191
518101 212.947
518200 211.088
518301 211.691
518400 213.48
518501 211.79
518600 211.731
518701 212.738
518800 210.676
518901 212.406
519000 211.007
519101 212.493
519200 226.757
519301 224.911
519400 215.765
519501 213.252
519600 211.56
519701 212.365
519800 211.936
519901 212.239
520000 211.476
520101 211.906
520200 222.049
520301 222.473
520400 221.468
520501 221.96
520600 221.608
520701 221.932
520800 220.757
520901 222.527
521000 220.856
521101 222.418
521200 221.866
521301 221.678
521400 225.446
521501 222.219
521600 221.397
521701 223.123
521800 221.611
521901 223.543
522000 221.313
522101 222.102
522200 222.486
522301 222.122
522400 222.206
522501 222.663
522600 221.032
522701 222.509
522800 221.168
522901 222.479
523000 221.353
523101 222.305
523200 221.332
523301 222.484
523400 221.132
523501 222.484
523600 221.694
523701 222.333
523800 221.354
523901 224.347
524000 221.299
524101 222.426
524200 221.042
524301 231.451
524400 230.307
524501 231.328
524600 230.538
524701 231.427
524800 230.374
524901 231.106
525000 231.103
525101 231.407
525200 231.199
525301 232.324
525400 230.667
525501 231.653
525600 230.692
525701 232.494
525800 232.51
525901 234.987
526000 231.532
526101 232.069
526200 230.598
526301 231.344
526400 231.589
526501 231.991
526600 230.615
526701 231.556
526800 231.129
526901 231.873
527000 230.847
527101 232.206
527200 231.488
527301 231.961
527400 230.465
527501 232.262
527600 230.807
527701 232.103
527800 231.208
527901 232.444
528000 230.615
528101 231.888
528200 230.653
528301 231.977
528400 224.073
528501 225.227
528600 224.495
528701 225.2
528800 224.798
528901 225.397
529000 224.254
529101 225.295
529200 225.049
529301 225.114
529400 225.159
529501 225.078
529600 224.579
529701 225.421
529800 225.72
529901 224.899
530000 224.846
530101 225.617
530200 224.643
530301 225.11
530400 225.924
530501 226.221
530600 225.538
530701 225.843
530800 224.664
530901 225.799
531000 224.713
531101 225.932
531200 224.692
531301 225.735
531400 225.266
531501 228.379
531600 226.867
531701 225.133
531800 225.46
531901 257.638
532000 227.489
532101 226.239
532200 227.55
532301 226.781
532400 227.555
532501 237.444
532600 230.115
532701 231.313
532800 231.532
532901 230.932
533000 241.271
533101 235.143
533200 229.597
533301 235.552
533400 230.411
533501 231.733
533600 230.636
533701 231.126
533800 230.934
533901 231.684
534000 231.776
534101 232.69
534200 230.415
534301 232.719
534400 235.253
534501 230.796
534600 231.85
534701 231.542
534800 230.376
534901 231.713
535000 229.821
535101 231.391
535200 230.327
535301 231.132
535400 230.882
535501 231.438
535600 230.699
535701 231.026
535800 230.39
535901 231.373
536000 230.879
536101 231.844
536200 230.563
536301 231.683
536400 231.577
536501 231.079
536600 217.128
536701 219.427
536800 217.713
536901 218.616
537000 217.414
537101 218.788
537200 219.475
537301 219.08
537400 217.519
537501 218.62
537600 219.15
537701 218.826
537800 217.685
537901 218.675
538000 218.709
538101 219.986
538200 217.81
538301 220.038
538400 217.772
538501 218.677
538600 219.264
538701 227.956
538800 218.004
538901 219.631
539000 217.945
539101 219.213
539200 219.34
539301 219.259
539400 218.63
539501 220.495
539600 217.61
539701 222.027
539800 218.19
539901 223.154
540000 225.169
540101 221.297
540200 232.979
540301 236.007
540400 219.274
540501 234.305
540600 226.408
540701 231.397
540800 229.46
540901 231.068
541000 229.82
541101 230.603
541200 229.805
541301 230.568
541400 230.305
541501 230.985
541600 255.359
541701 231.021
541800 232.152
541901 231.237
542000 229.988
542101 231.951
542200 229.907
542301 231.183
542400 230.083
542501 230.772
542600 233.623
542701 234.837
542800 231.939
542901 230.421
543000 231.693
543101 231.238
543200 230.123
543301 230.683
543400 230.512
543501 230.497
543600 230.057
543701 230.842
543800 229.729
543901 231.052
544000 229.801
544101 238.515
544200 230.372
544301 231.224
544400 230.224
544501 231.321
544600 230.352
544701 230.913
544800 223.585
544901 224.55
545000 223.372
545101 223.951
545200 222.791
545301 223.126
545400 223.342
545501 224.823
545600 222.804
545701 223.996
545800 222.614
545901 224.247
546000 222.792
546101 223.953
546200 223.452
546301 223.826
546400 222.758
546501 224.354
546600 222.669
546701 224.003
546800 223.397
546901 224.351
547000 222.958
547101 224.109
547200 222.503
547301 226.506
547400 227.756
547501 224.314
547600 223.243
547701 223.861
547800 222.54
547901 224.142
548000 223.275
548101 223.947
548200 223.408
548301 224.169
548400 223.16
548501 224.217
548600 223.174
548701 224.096
548800 223.224
548901 230.427
549000 229.395
549101 229.653
549200 229.302
549301 230.017
549400 228.947
549501 231.128
549600 229.183
549701 230.236
549800 228.965
549901 229.752
550000 229.313
550101 230.129
550200 229.504
550301 229.953
550400 229.355
550501 230.913
550600 231.02
550701 229.653
550800 229.133
550901 230.248
551000 230.134
551101 229.955
551200 230.335
551301 230.176
551400 228.939
551501 230.184
551600 229.547
551701 230.733
551800 229.674
551901 230.748
552000 229.706
552101 230.512
552200 229.811
552301 230.812
552400 229.941
552501 230.746
552600 229.784
552701 230.174
552800 229.054
552901 230.117
553000 226.577
553101 227.136
553200 226.651
553301 227.21
553400 226.381
553501 227.102
553600 227.16
553701 227.258
553800 226.611
553901 227.65
554000 226.55
554101 227.678
554200 226.444
554301 227.22
554400 226.172
554501 229.011
554600 227.335
554701 227.319
554800 227.244
554901 228.029
555000 226.702
555101 228.011
555200 226.906
555301 227.777
555400 226.64
555501 228.06
555600 227.03
555701 228.544
555800 226.851
555901 228.312
556000 226.842
556101 227.866
556200 227.928
556301 227.702
556400 227.247
556501 227.682
556600 227.176
556701 227.612
556800 227.013
556901 227.915
557000 227.068
557101 243.619
557200 242.811
557301 242.851
557400 242.329
557501 243.513
557600 242.161
557701 243.616
557800 242.235
557901 243.468
558000 242.511
558101 243.129
558200 242.368
558301 243.504
558400 243.645
558501 243.477
558600 241.959
558701 243.642
558800 242.124
558901 243.776
559000 241.839
559101 243.437
559200 241.874
559301 243.559
559400 241.773
559501 243.462
559600 242.876
559701 244.3
559800 242.848
559901 244.099
560000 242.005
560101 243.794
560200 242.763
560301 243.943
560400 246.647
560501 250.22
560600 243.634
560701 254.306
560800 255.209
560901 247.13
561000 241.992
561101 244.023
561200 233.907
561301 236.229
561400 234.063
561501 244.611
561600 232.814
561701 234.935
561800 234.015
561901 234.071
562000 233.574
562101 234.272
562200 233.651
562301 234.136
562400 233.892
562501 236.249
562600 233.366
562701 234.505
562800 232.899
562901 234.139
563000 233.671
563101 234.277
563200 233.963
563301 234.117
563400 234.943
563501 234.844
563600 234.81
563701 235.108
563800 233.647
563901 235.327
564000 233.7
564101 233.889
564200 233.25
564301 235.863
564400 233.647
564501 235.161
564600 234.378
564701 238.34
564800 235.1
564901 239.572
565000 240.218
565101 241.98
565200 235.232
565301 241.555
565400 240.168
565501 241.442
565600 239.412
565701 248.548
565800 241.278
565901 241.12
566000 242.184
566101 241.596
566200 241.504
566301 242.108
566400 239.668
566501 241.957
566600 240.115
566701 242.277
566800 240.391
566901 241.635
567000 241.069
567101 241.323
567200 240.091
567301 241.297
567400 240.328
567501 241.459
567600 240.706
567701 241.592
567800 240.421
567901 241.771
568000 241.358
568101 241.576
568200 240.674
568301 241.386
568400 240.764
568501 241.114
568600 239.762
568701 242.398
568800 240.801
568901 242.344
569000 240.467
569101 241.469
569200 242.979
569301 242.688
569400 233.6
569501 229.542
569600 228.708
569701 229.315
569800 228.281
569901 229.677
570000 228.702
570101 229.308
570200 229.078
570301 228.945
570400 229.959
570501 229.96
570600 228.695
570701 229.544
570800 228.945
570901 229.722
571000 228.111
571101 230.167
571200 227.741
571301 229.326
571400 228.03
571501 229.739
571600 228.245
571701 230.008
571800 228.906
571901 229.926
572000 228.972
572101 229.923
572200 228.48
572301 229.367
572400 229.643
572501 231.375
572600 233.741
572701 229.633
572800 229.314
572901 230.076
573000 229.254
573101 229.673
573200 229.34
573301 229.536
573400 229.945
573501 247.83
573600 247.527
573701 247.87
573800 246.877
573901 248.13
574000 247.082
574101 247.372
574200 247.072
574301 248.047
574400 247.457
574501 247.932
574600 248.365
574701 248.079
574800 247.03
574901 250.518
575000 246.914
575101 247.913
575200 247.189
575301 247.95
575400 247.408
575501 248.73
575600 248.748
575701 248.071
575800 254.331
575901 248.856
576000 247.072
576101 248.834
576200 248.296
576301 249.282
576400 249.713
576501 249.977
576600 256.071
576701 258.219
576800 251.016
576901 263.202
577000 251.761
577101 248.368
577200 247.067
577301 279.003
577400 253.905
577501 249.464
577600 237.771
577701 239.38
577800 237.11
577901 237.35
578000 238.866
578101 237.379
578200 236.877
578301 237.75
578400 237.868
578501 237.807
578600 237.905
578701 238.056
578800 236.882
578901 237.639
579000 237.145
579101 237.804
579200 237.085
579301 237.73
579400 236.628
579501 238.107
579600 237.599
579701 238.241
579800 237.744
579901 237.881
580000 236.931
580101 237.505
580200 237.354
580301 238.24
580400 236.935
580501 237.882
580600 236.821
580701 239.132
580800 236.902
580901 237.886
581000 238.331
