100 139
101 125
102 128
103 126
104 126
105 134
106 135
107 135
108 137
109 137
110 143
111 138
112 139
113 151
114 149
115 149
116 150
117 151
118 151
119 152
120 160
121 164
122 173
123 165
124 164
125 168
126 168
127 172
128 169
129 182
130 182
131 182
132 181
133 188
134 203
135 182
136 204
137 219
138 228
139 204
140 199
141 217
142 204
143 211
144 215
145 225
146 230
147 226
148 226
149 231
150 229
151 233
152 233
153 248
154 241
155 244
156 236
157 239
158 256
159 248
160 267
161 284
162 282
163 266
164 256
165 257
166 259
167 257
168 262
169 277
170 278
171 286
172 279
173 276
174 281
175 284
176 280
177 292
178 299
179 300
180 296
181 301
182 310
183 302
184 302
185 320
186 321
187 323
188 327
189 322
190 325
191 332
192 343
193 375
194 364
195 351
196 346
197 348
198 349
199 359
200 363
201 378
202 378
203 373
204 375
205 374
206 371
207 371
208 370
209 403
210 437
211 424
212 395
213 441
214 389
215 428
216 395
217 411
218 410
219 413
220 443
221 411
222 413
223 415
224 419
225 437
226 441
227 443
228 443
229 449
230 459
231 471
232 452
233 503
234 491
235 484
236 466
237 466
238 469
239 476
240 472
241 489
242 493
243 490
244 497
245 492
246 498
247 507
248 501
249 519
250 516
251 519
252 523
253 524
254 536
255 538
256 532
257 553
258 551
259 564
260 565
261 572
262 579
263 617
264 611
265 596
266 605
267 608
268 598
269 608
270 601
271 595
272 662
273 692
274 615
275 613
276 616
277 615
278 612
279 615
280 615
281 644
282 654
283 649
284 657
285 668
286 688
287 667
288 670
289 759
290 731
291 716
292 713
293 716
294 725
295 710
296 795
297 802
298 715
299 720
300 720
301 718
302 722
303 726
304 719
305 751
306 753
307 784
308 783
309 786
310 771
311 817
312 854
313 807
314 815
315 813
316 798
317 814
318 873
319 857
320 798
321 862
322 824
323 818
324 821
325 842
326 833
327 838
328 844
329 883
330 905
331 929
332 870
333 865
334 869
335 872
336 875
337 902
338 900
339 896
340 907
341 901
342 913
343 913
344 926
345 944
346 965
347 970
348 978
349 1038
350 990
351 990
352 969
353 1014
354 1071
355 1071
356 1004
357 999
358 995
359 1001
360 994
361 1020
362 1036
363 1055
364 1056
365 1103
366 1055
367 1047
368 1057
369 1072
370 1078
371 1074
372 1080
373 1073
374 1075
375 1079
376 1074
377 1143
378 1156
379 1150
380 1181
381 1170
382 1171
383 1143
384 1146
385 1292
386 1200
387 1171
388 1173
389 1182
390 1184
391 1185
392 1217
393 1232
394 1282
395 1252
396 1223
397 1222
398 1212
399 1224
400 1212
401 1269
402 1279
403 1290
404 1287
405 1306
406 1315
407 1358
408 1339
409 1348
410 1343
411 1481
412 1320
413 1319
414 1333
415 1326
416 1324
417 1379
418 1406
419 1425
420 1447
421 1376
422 1374
423 1379
424 1378
425 1435
426 1420
427 1419
428 1436
429 1448
430 1478
431 1608
432 1474
433 1510
434 1706
435 1547
436 1485
437 1478
438 1488
439 1496
440 1504
441 1564
442 1627
443 1572
444 1568
445 1586
446 1660
447 1764
448 1520
449 1592
450 1599
451 1622
452 1663
453 1624
454 1756
455 1609
456 1600
457 1666
458 1648
459 1638
460 1737
461 1689
462 1900
463 1762
464 1930
465 1832
466 1750
467 1720
468 1717
469 1718
470 1739
471 1778
472 1789
473 1790
474 1781
475 1780
476 1786
477 1778
478 1786
479 1819
480 1881
481 2167
482 1976
483 1891
484 2003
485 1871
486 1844
487 1879
488 1893
489 1979
490 1928
491 1913
492 1893
493 1903
494 1946
495 1897
496 2021
497 2104
498 2125
499 2054
500 2097
501 2005
502 1979
503 1981
504 2202
505 2093
506 2200
507 2072
508 2059
509 2058
510 2074
511 2080
512 2085
513 2175
514 2219
515 2159
516 2239
517 2249
518 2110
519 2148
520 2163
521 2265
522 2208
523 2193
524 2205
525 2190
526 2184
527 2253
528 2254
529 2576
530 2331
531 2801
532 2276
533 2461
534 2277
535 2377
536 2365
537 2371
538 2446
539 2336
540 2332
541 2345
542 2424
543 2390
544 2342
545 2417
546 2411
547 2430
548 2444
549 2552
550 2502
551 2810
552 2512
553 2487
554 2484
555 2534
556 2600
557 2527
558 2504
559 2690
560 2508
561 2588
562 2679
563 2640
564 2733
565 2746
566 2569
567 2578
568 2643
569 2937
570 2995
571 2727
572 2954
573 2677
574 2692
575 2771
576 2763
577 2889
578 2753
579 2743
580 2757
581 2846
582 2819
583 2766
584 2763
585 2829
586 2868
587 3175
588 3012
589 3098
590 2832
591 2895
592 2981
593 3149
594 3079
595 3025
596 3105
597 2943
598 3039
599 2940
600 2923
601 2992
602 3052
603 3037
604 3291
605 3083
606 3153
607 3032
608 3213
609 3322
610 3202
611 3088
612 3096
613 3100
614 3186
615 3191
616 3475
617 3387
618 3305
619 3315
620 3253
621 3198
622 3213
623 3218
624 3317
625 3415
626 3407
627 3534
628 3531
629 3436
630 3357
631 3326
632 3337
633 3420
634 3546
635 3529
636 3521
637 3410
638 3444
639 3573
640 3548
641 3638
642 3604
643 3582
644 3647
645 3632
646 3496
647 3777
648 3809
649 3719
650 3952
651 3787
652 3670
653 3644
654 3585
655 3634
656 3651
657 3821
658 3826
659 3690
660 3669
661 3764
662 3752
663 3843
664 3864
665 4000
666 4024
667 3934
668 3800
669 3836
670 3901
671 3820
672 3809
673 3878
674 4016
675 3939
676 4295
677 3921
678 4005
679 3961
680 4091
681 4156
682 4147
683 4183
684 4175
685 4001
686 4064
687 4086
688 3973
689 4139
690 4362
691 4244
692 4236
693 4147
694 4365
695 4369
696 4438
697 4367
698 4415
699 4470
700 4256
701 4259
702 4421
703 4465
704 4276
705 4617
706 4686
707 4634
708 4375
709 4441
710 4538
711 4512
712 4348
713 4605
714 4464
715 4443
716 4564
717 4767
718 4776
719 4792
720 4862
721 4751
722 4675
723 5117
724 5106
725 4803
726 4622
727 4664
728 4605
729 4780
730 4923
731 4745
732 4671
733 4679
734 4819
735 4737
736 4910
737 4874
738 4967
739 5054
740 5150
741 5218
742 5027
743 4837
744 4916
745 5216
746 4950
747 5384
748 5275
749 5039
750 5253
751 5082
752 5142
753 5322
754 5269
755 5216
756 5088
757 5183
758 5265
759 5338
760 5421
761 5616
762 5521
763 5676
764 5472
765 5487
766 5517
767 5240
768 5213
769 5850
770 5582
771 5398
772 5668
773 5570
774 5761
775 5568
776 5378
777 5891
778 6172
779 5641
780 5910
781 5771
782 5537
783 5905
784 5929
785 5811
786 5748
787 5786
788 5853
789 5768
790 5873
791 5664
792 5745
793 5705
794 5962
795 6395
796 5972
797 6103
798 6255
799 6167
800 6211
801 6096
802 5995
803 6458
804 6284
805 6076
806 6111
807 6222
808 6147
809 6291
810 6132
811 6137
812 6037
813 6022
814 6567
815 6391
816 6093
817 6574
818 6503
819 6337
820 6372
821 6324
822 6243
823 6315
824 6711
825 6956
826 6434
827 6391
828 6505
829 6903
830 6752
831 6869
832 6508
833 6623
834 6578
835 6444
836 6919
837 6801
838 6451
839 6846
840 6720
841 7214
842 6666
843 6733
844 6823
845 7040
846 6842
847 6699
848 6792
849 7127
850 7386
851 7035
852 6774
853 6983
854 7235
855 7318
856 7007
857 7212
858 7280
859 7142
860 7069
861 7070
862 7374
863 7473
864 7333
865 7156
866 7010
867 7447
868 7463
869 7427
870 7313
871 7455
872 7820
873 7524
874 7427
875 7178
876 7987
877 7572
878 7557
879 7307
880 7390
881 7892
882 7755
883 7965
884 7810
885 7692
886 7470
887 7531
888 7598
889 7773
890 7859
891 7959
892 8265
893 7962
894 7761
895 7639
896 8214
897 8325
898 7988
899 8239
900 8251
901 7875
902 7800
903 7861
904 8291
905 8137
906 8323
907 8206
908 8168
909 8094
910 8739
911 8323
912 8234
913 8479
914 8790
915 8495
916 8370
917 8143
918 8554
919 8683
920 8156
921 8314
922 8497
923 8540
924 8501
925 8611
926 8598
927 8835
928 8379
929 8955
930 9209
931 8517
932 8715
933 8455
934 8437
935 8666
936 8595
937 8836
938 8802
939 8848
940 8749
941 8649
942 8604
943 8923
944 8647
945 8713
946 9292
947 9103
948 8737
949 8771
950 9360
951 9219
952 8942
953 9185
954 9440
955 8945
956 9641
957 9872
958 9321
959 9024
960 9236
961 9223
962 9768
963 9384
964 9525
965 9531
966 9393
967 9070
968 9802
969 9882
970 9536
971 9276
972 10030
973 10285
974 9570
975 10316
976 9850
977 9428
978 10231
979 9934
980 9908
981 9736
982 9580
983 9881
984 10254
985 10107
986 9960
987 10000
988 9953
989 10145
990 10214
991 9832
992 9735
993 10387
994 10435
995 10410
996 10307
997 10468
998 10296
999 10044
1000 10609
1001 11082
1002 10155
1003 10350
1004 10727
1005 10238
1006 10926
1007 10713
1008 10922
1009 11023
1010 10673
1011 10796
1012 10913
1013 10193
1014 10571
1015 10564
1016 10350
1017 11213
1018 10623
1019 10527
1020 11266
1021 11090
1022 10794
1023 11218
1024 11069
1025 11131
1026 11625
1027 11574
1028 11068
1029 10842
1030 10701
1031 11038
1032 10804
1033 10954
1034 11942
1035 10990
1036 11347
1037 10960
1038 11809
1039 11703
1040 10990
1041 12218
1042 11558
1043 11303
1044 11969
1045 11697
1046 11768
1047 11512
1048 11101
1049 11973
1050 11701
1051 11547
1052 12258
1053 12100
1054 11545
1055 12255
1056 11715
1057 11353
1058 12222
1059 11940
1060 12093
1061 12177
1062 12352
1063 11812
1064 11853
1065 12419
1066 12226
1067 12412
1068 12508
1069 12135
1070 12418
1071 12074
1072 11887
1073 12763
1074 12615
1075 12569
1076 12601
1077 12479
1078 12091
1079 12237
1080 12402
1081 12261
1082 12735
1083 12421
1084 12197
1085 12935
1086 12663
1087 12893
1088 12621
1089 12427
1090 13194
1091 12736
1092 12811
1093 13384
1094 12822
1095 12666
1096 12879
1097 13326
1098 12895
1099 13749
1100 12986
1101 13647
1102 12860
1103 13719
1104 13153
1105 13697
1106 13436
1107 12858
1108 13692
1109 13099
1110 14286
1111 13829
1112 13335
1113 13377
1114 13490
1115 14135
1116 13683
1117 14110
1118 13744
1119 13710
1120 13243
1121 14522
1122 13816
1123 13693
1124 14572
1125 13504
1126 14684
1127 13375
1128 14360
1129 14091
1130 14789
1131 13809
1132 14938
1133 13628
1134 15024
1135 14290
1136 14266
1137 14404
1138 14478
1139 14322
1140 14074
1141 14742
1142 14552
1143 14886
1144 14124
1145 15447
1146 14694
1147 14831
1148 14363
1149 15048
1150 14483
1151 14689
1152 15259
1153 15093
1154 15429
1155 15710
1156 14795
1157 16079
1158 14515
1159 15117
1160 14937
1161 15629
1162 15309
1163 15355
1164 15107
1165 15885
1166 15481
1167 15732
1168 15044
1169 16551
1170 15236
1171 16124
1172 15080
1173 15742
1174 15461
1175 15694
1176 15209
1177 16316
1178 15654
1179 15959
1180 16020
1181 16501
1182 15718
1183 16116
1184 15287
1185 15720
1186 16062
1187 16216
1188 16497
1189 15885
1190 16540
1191 15760
1192 16423
1193 15493
1194 17294
1195 15836
1196 17075
1197 16147
1198 16708
1199 15706
1200 16392
1201 16554
1202 16480
1203 15852
1204 17126
1205 16328
1206 16808
1207 16140
1208 16727
1209 16216
1210 17009
1211 16538
1212 17264
1213 16841
1214 15862
1215 16926
1216 16519
1217 17336
1218 16555
1219 17052
1220 16671
1221 17249
1222 16886
1223 17353
1224 16800
1225 17530
1226 17398
1227 17065
1228 17262
1229 17523
1230 17137
1231 17909
1232 17048
1233 17515
1234 17991
1235 17672
1236 17859
1237 17363
1238 17942
1239 16842
1240 17678
1241 17853
1242 17607
1243 18584
1244 17346
1245 18319
1246 17980
1247 17975
1248 18202
1249 18868
1250 18015
1251 17907
1252 17703
1253 18153
1254 17970
1255 18104
1256 18155
1257 18414
1258 18428
1259 18762
1260 18823
1261 17036
1262 18878
1263 18046
1264 17798
1265 18332
1266 19652
1267 19475
1268 20074
1269 19851
1270 20538
1271 19761
1272 19857
1273 19713
1274 19343
1275 19509
1276 19347
1277 18928
1278 19305
1279 19305
1280 19357
1281 19306
1282 18439
1283 19202
1284 19541
1285 19687
1286 19413
1287 18594
1288 18422
1289 20351
1290 19560
1291 19402
1292 20012
1293 19170
1294 19251
1295 20347
1296 19479
1297 19383
1298 20228
1299 19312
1300 20705
1301 20280
1302 19092
1303 20670
1304 20421
1305 19382
1306 20168
1307 20278
1308 19457
1309 20775
1310 20189
1311 20342
1312 21236
1313 20755
1314 20382
1315 20726
1316 20641
1317 19460
1318 20576
1319 21987
1320 21376
1321 21371
1322 21329
1323 19993
1324 20895
1325 21340
1326 19806
1327 20381
1328 21075
1329 20762
1330 20701
1331 22058
1332 21096
1333 20365
1334 21589
1335 21015
1336 20169
1337 21849
1338 21094
1339 20479
1340 21560
1341 20954
1342 20226
1343 21369
1344 22123
1345 21068
1346 21340
1347 21627
1348 21062
1349 21242
1350 21904
1351 21776
1352 22348
1353 22135
1354 21905
1355 22020
1356 21011
1357 21980
1358 23272
1359 21589
1360 21911
1361 22816
1362 22388
1363 22167
1364 22538
1365 24779
1366 22979
1367 22439
1368 22029
1369 22391
1370 24151
1371 22417
1372 23183
1373 23269
1374 22128
1375 21809
1376 23447
1377 24526
1378 22856
1379 22092
1380 23032
1381 23193
1382 22963
1383 22589
1384 23282
1385 24209
1386 22805
1387 22550
1388 24368
1389 23862
1390 24111
1391 22947
1392 22695
1393 23662
1394 23801
1395 22124
1396 25040
1397 23846
1398 23570
1399 23529
1400 23827
1401 24453
1402 25162
1403 24781
1404 23619
1405 23426
1406 23434
1407 23734
1408 24071
1409 24320
1410 24128
1411 24247
1412 24962
1413 23558
1414 23993
1415 24483
1416 24889
1417 24466
1418 24298
1419 24149
1420 24406
1421 25019
1422 25153
1423 25010
1424 26946
1425 26004
1426 27261
1427 26186
1428 26334
1429 26856
1430 26887
1431 26394
1432 26012
1433 26750
1434 27426
1435 25707
1436 24930
1437 24972
1438 24498
1439 23984
1440 26852
1441 26108
1442 26219
1443 25912
1444 26313
1445 26049
1446 26103
1447 25657
1448 26807
1449 26262
1450 25805
1451 27557
1452 24970
1453 25481
1454 25616
1455 27326
1456 26726
1457 27527
1458 26696
1459 26014
1460 27198
1461 26772
1462 26159
1463 26580
1464 26783
1465 26310
1466 26399
1467 27657
1468 26450
1469 27652
1470 26575
1471 26785
1472 26201
1473 27955
1474 28904
1475 28099
1476 26820
1477 27735
1478 26892
1479 29115
1480 27823
1481 28857
1482 27364
1483 27543
1484 26984
1485 26766
1486 28406
1487 26849
1488 28399
1489 29557
1490 29363
1491 30831
1492 28712
1493 30150
1494 28367
1495 29656
1496 27671
1497 27615
1498 28420
1499 28318
1500 27994
1501 29135
1502 28266
1503 28458
1504 28687
1505 28922
1506 27812
1507 28225
1508 28736
1509 28707
1510 27360
1511 29489
1512 28468
1513 29085
1514 28916
1515 29240
1516 28544
1517 28400
1518 29234
1519 29402
1520 29078
1521 28995
1522 29562
1523 28954
1524 28216
1525 27758
1526 29434
1527 29580
1528 29672
1529 29352
1530 29959
1531 29681
1532 30341
1533 29697
1534 29967
1535 30078
1536 30231
1537 30154
1538 29761
1539 30137
1540 30873
1541 30826
1542 30700
1543 29735
1544 30168
1545 30845
1546 31442
1547 30839
1548 31461
1549 30937
1550 31443
1551 30429
1552 31315
1553 30670
1554 31524
1555 30878
1556 31593
1557 30650
1558 30760
1559 30764
1560 30898
1561 31532
1562 32190
1563 30690
1564 31399
1565 31412
1566 31573
1567 31168
1568 31166
1569 31932
1570 31829
1571 31508
1572 32024
1573 31760
1574 32058
1575 33918
1576 32349
1577 33769
1578 32527
1579 32180
1580 32426
1581 31864
1582 31993
1583 31922
1584 31821
1585 32390
1586 32728
1587 32538
1588 31880
1589 32352
1590 33418
1591 32190
1592 33088
1593 32878
1594 32652
1595 32896
1596 32943
1597 32871
1598 32977
1599 32843
1600 33384
1601 33085
1602 34029
1603 34952
1604 33444
1605 34404
1606 34347
1607 34245
1608 34285
1609 33649
1610 33873
1611 33375
1612 34320
1613 33430
1614 34156
1615 33785
1616 34045
1617 34308
1618 34449
1619 34568
1620 33873
1621 34276
1622 34716
1623 33981
1624 33371
1625 34238
1626 34203
1627 34322
1628 34594
1629 34539
1630 34555
1631 33774
1632 34060
1633 34903
1634 35213
1635 35229
1636 35455
1637 35822
1638 35418
1639 34993
1640 35158
1641 34984
1642 34964
1643 35266
1644 35085
1645 34990
1646 35594
1647 35267
1648 35481
1649 35564
1650 35209
1651 35537
1652 36135
1653 35896
1654 36117
1655 35628
1656 36112
1657 35902
1658 35760
1659 36256
1660 36012
1661 36168
1662 35760
1663 35536
1664 36450
1665 36753
1666 37423
1667 37042
1668 36956
1669 36679
1670 37208
1671 36864
1672 36677
1673 36411
1674 36892
1675 36651
1676 36686
1677 37148
1678 36936
1679 37063
1680 37082
1681 37527
1682 37352
1683 37148
1684 37406
1685 37647
1686 38086
1687 37645
1688 38043
1689 37912
1690 37409
1691 37683
1692 37807
1693 37789
1694 38309
1695 37610
1696 37748
1697 38797
1698 38164
1699 38672
1700 38564
1701 38395
1702 38846
1703 38492
1704 38926
1705 38911
1706 38513
1707 38441
1708 38538
1709 38756
1710 39000
1711 38473
1712 38706
1713 39095
1714 39189
1715 40335
1716 39740
1717 40334
1718 39782
1719 39932
1720 40023
1721 39892
1722 40615
1723 40577
1724 39759
1725 39790
1726 40133
1727 39563
1728 39572
1729 40546
1730 40892
1731 39778
1732 41323
1733 40809
1734 41501
1735 40823
1736 41540
1737 40683
1738 40522
1739 40319
1740 40217
1741 39618
1742 40204
1743 41227
1744 41167
1745 42626
1746 44011
1747 45320
1748 43145
1749 43321
1750 43439
1751 42457
1752 42061
1753 42039
1754 43646
1755 43320
1756 44004
1757 42966
1758 42839
1759 41456
1760 42362
1761 41668
1762 42177
1763 42344
1764 42988
1765 41846
1766 42170
1767 41246
1768 42372
1769 41984
1770 42258
1771 42790
1772 42767
1773 42745
1774 42363
1775 42693
1776 42786
1777 43719
1778 43806
1779 44001
1780 43709
1781 43445
1782 42872
1783 42852
1784 42647
1785 41893
1786 42226
1787 42398
1788 42920
1789 42806
1790 43331
1791 43703
1792 43775
1793 44793
1794 44749
1795 45589
1796 44465
1797 44430
1798 44777
1799 43879
1800 44714
1801 44380
1802 44396
1803 44188
1804 44794
1805 43428
1806 44240
1807 45972
1808 44755
1809 43968
1810 44334
1811 46035
1812 44605
1813 44468
1814 45401
1815 43984
1816 47104
1817 45799
1818 45251
1819 44897
1820 46179
1821 45784
1822 45813
1823 44636
1824 45479
1825 45717
1826 45381
1827 47785
1828 46208
1829 46128
1830 45611
1831 45149
1832 46267
1833 46912
1834 46184
1835 46056
1836 45338
1837 45901
1838 46329
1839 46426
1840 47847
1841 47884
1842 45646
1843 45481
1844 48340
1845 45886
1846 46343
1847 46628
1848 45330
1849 45783
1850 45678
1851 47214
1852 46505
1853 47664
1854 47590
1855 46094
1856 45451
1857 48032
1858 48163
1859 49569
1860 51226
1861 53213
1862 49590
1863 48654
1864 47897
1865 47234
1866 47456
1867 46746
1868 47154
1869 46529
1870 47229
1871 48076
1872 50149
1873 49544
1874 47697
1875 49442
1876 46920
1877 48552
1878 48682
1879 47955
1880 48115
1881 49240
1882 49080
1883 48355
1884 48910
1885 48343
1886 50701
1887 49797
1888 49455
1889 49962
1890 50025
1891 50607
1892 50171
1893 50005
1894 51284
1895 49647
1896 49184
1897 50629
1898 49925
1899 49474
1900 49421
1901 48749
1902 49503
1903 50014
1904 49036
1905 53768
1906 52538
1907 52844
1908 51065
1909 50929
1910 50481
1911 50696
1912 50539
1913 51447
1914 51301
1915 51094
1916 51607
1917 51280
1918 51306
1919 51173
1920 51308
1921 52097
1922 51886
1923 52109
1924 51692
1925 52078
1926 51648
1927 52203
1928 51972
1929 52839
1930 52512
1931 51721
1932 52157
1933 52445
1934 52317
1935 52837
1936 52117
1937 52854
1938 52725
1939 53273
1940 53013
1941 53498
1942 52785
1943 53160
1944 52873
1945 54053
1946 53353
1947 53883
1948 53952
1949 53676
1950 53192
1951 53914
1952 54219
1953 54230
1954 54473
1955 54545
1956 54617
1957 54600
1958 54169
1959 54533
1960 54199
1961 54858
1962 54822
1963 54687
1964 54456
1965 54759
1966 54411
1967 55292
1968 54517
1969 55981
1970 55496
1971 55620
1972 55502
1973 55370
1974 55533
1975 55609
1976 55578
1977 55738
1978 56287
1979 54256
1980 54781
1981 54616
1982 55050
1983 54390
1984 54782
1985 55164
1986 55083
1987 55502
1988 55170
1989 55382
1990 55348
1991 55778
1992 55259
1993 56346
1994 56477
1995 55915
1996 56085
1997 55442
1998 55986
1999 55814
2000 56247
2001 56199
2002 56418
2003 56344
2004 56300
2005 56392
2006 56449
2007 56350
2008 56141
2009 56923
2010 57978
2011 58126
2012 57859
2013 58216
2014 58044
2015 59026
2016 61170
2017 62270
2018 62375
2019 61447
2020 60720
2021 59740
2022 59622
2023 57962
2024 60914
2025 61935
2026 64332
2027 61778
2028 60756
2029 61558
2030 60622
2031 59543
2032 57783
2033 62186
2034 58922
2035 58223
2036 58093
2037 58125
2038 58283
2039 57967
2040 58891
2041 61442
2042 59907
2043 59082
2044 58707
2045 58384
2046 59018
2047 59127
2048 58931
2049 60437
2050 61143
2051 59662
2052 59557
2053 60431
2054 61188
2055 62343
2056 59570
2057 60320
2058 62539
2059 61663
2060 61247
2061 63096
2062 65164
2063 63245
2064 60313
2065 60465
2066 63068
2067 63388
2068 60994
2069 61230
2070 61331
2071 60594
2072 62156
2073 64296
2074 68224
2075 66498
2076 65357
2077 64725
2078 63073
2079 62810
2080 63886
2081 64849
2082 69984
2083 67172
2084 66482
2085 67229
2086 65655
2087 65484
2088 64019
2089 66619
2090 65495
2091 65002
2092 62721
2093 63778
2094 65577
2095 65769
2096 64289
2097 66192
2098 64449
2099 67936
2100 69459
2101 67681
2102 67373
2103 66524
2104 65103
2105 65113
2106 65912
2107 65455
2108 65459
2109 65425
2110 65519
2111 65962
2112 65705
2113 65171
2114 65629
2115 67932
2116 66866
2117 66653
2118 67106
2119 66067
2120 65441
2121 65978
2122 65486
2123 65283
2124 65199
2125 65568
2126 65409
2127 65621
2128 66637
2129 66448
2130 66607
2131 67099
2132 65812
2133 66584
2134 66886
2135 66623
2136 67032
2137 67012
2138 65950
2139 66439
2140 66697
2141 66853
2142 66681
2143 66738
2144 66487
2145 67298
2146 67446
2147 67279
2148 67225
2149 67020
2150 67049
2151 66796
2152 66760
2153 67992
2154 68108
2155 67768
2156 68015
2157 68293
2158 67705
2159 68265
2160 67856
2161 68912
2162 69542
2163 68489
2164 69277
2165 68421
2166 68860
2167 68243
2168 69106
2169 68490
2170 69732
2171 69804
2172 68475
2173 68805
2174 68885
2175 68678
2176 68967
2177 69809
2178 69999
2179 70286
2180 70868
2181 70547
2182 70414
2183 71361
2184 70859
2185 71412
2186 71920
2187 71288
2188 71559
2189 71728
2190 71766
2191 71971
2192 74773
2193 74774
2194 74982
2195 74843
2196 75487
2197 75001
2198 75693
2199 76382
2200 74743
2201 75431
2202 75341
2203 75540
2204 76115
2205 76065
2206 76010
2207 75347
2208 74855
2209 76159
2210 76155
2211 76368
2212 77674
2213 75937
2214 76250
2215 75383
2216 75710
2217 76183
2218 75324
2219 76792
2220 75515
2221 76463
2222 76061
2223 76906
2224 77707
2225 78194
2226 78098
2227 78743
2228 78106
2229 77711
2230 77366
2231 74502
2232 77376
2233 78862
2234 78160
2235 77271
2236 77857
2237 77773
2238 78492
2239 79729
2240 79056
2241 78954
2242 78635
2243 80306
2244 79789
2245 80075
2246 79294
2247 78865
2248 79823
2249 79074
2250 78873
2251 79828
2252 79769
2253 78898
2254 79128
2255 78885
2256 83000
2257 84964
2258 81780
2259 80705
2260 80576
2261 78608
2262 79743
2263 79241
2264 79893
2265 78560
2266 78594
2267 80294
2268 80451
2269 83663
2270 83218
2271 83146
2272 80025
2273 77556
2274 79091
2275 81854
2276 80387
2277 83900
2278 84384
2279 83219
2280 81419
2281 82429
2282 79370
2283 79421
2284 79327
2285 78755
2286 83907
2287 84744
2288 84247
2289 82493
2290 82077
2291 84698
2292 84487
2293 84912
2294 81050
2295 79361
2296 79302
2297 82345
2298 80858
2299 83154
2300 81324
2301 80629
2302 79991
2303 81141
2304 80837
2305 83882
2306 81784
2307 81364
2308 81420
2309 82054
2310 82002
2311 83229
2312 83009
2313 83018
2314 81475
2315 82087
2316 82161
2317 84701
2318 83210
2319 80272
2320 81062
2321 82544
2322 82722
2323 82596
2324 85786
2325 83079
2326 83113
2327 88490
2328 90881
2329 89088
2330 88634
2331 89802
2332 88287
2333 89787
2334 90271
2335 89814
2336 90142
2337 83912
2338 84570
2339 84352
2340 85111
2341 85335
2342 84579
2343 84302
2344 84817
2345 84764
2346 84347
2347 83708
2348 83066
2349 84241
2350 84250
2351 84588
2352 85138
2353 85898
2354 85980
2355 85266
2356 85295
2357 85825
2358 84750
2359 84764
2360 85055
2361 85850
2362 85631
2363 86218
2364 85611
2365 84626
2366 85569
2367 85702
2368 86038
2369 87254
2370 86731
2371 85572
2372 85898
2373 86683
2374 87451
2375 86324
2376 86675
2377 86416
2378 87763
2379 87482
2380 85923
2381 87183
2382 86658
2383 87282
2384 86906
2385 88032
2386 88590
2387 87521
2388 87615
2389 86943
2390 88540
2391 88486
2392 87618
2393 89106
2394 88865
2395 88562
2396 88396
2397 88720
2398 88458
2399 87992
2400 87796
2401 89613
2402 88074
2403 90049
2404 90107
2405 91404
2406 98076
2407 93284
2408 90700
2409 89807
2410 89004
2411 93289
2412 89720
2413 89196
2414 89045
2415 89221
2416 90202
2417 96263
2418 93790
2419 92810
2420 93419
2421 92575
2422 93682
2423 96819
2424 100289
2425 92708
2426 91147
2427 99915
2428 101934
2429 99648
2430 98606
2431 97589
2432 96426
2433 93383
2434 92141
2435 92792
2436 92901
2437 97158
2438 97854
2439 96639
2440 96775
2441 97359
2442 97769
2443 100018
2444 96475
2445 94109
2446 92864
2447 94610
2448 99776
2449 102832
2450 95301
2451 93961
2452 96734
2453 98756
2454 95375
2455 97248
2456 93433
2457 96151
2458 98249
2459 95649
2460 95927
2461 94777
2462 98263
2463 97056
2464 96491
2465 94634
2466 98821
2467 98539
2468 100465
2469 98817
2470 95956
2471 98130
2472 93684
2473 96174
2474 101923
2475 95974
2476 102190
2477 99992
2478 98953
2479 96760
2480 98341
2481 100493
2482 101022
2483 100089
2484 102440
2485 98615
2486 99429
2487 96712
2488 102090
2489 101529
2490 99409
2491 101932
2492 98632
2493 106558
2494 102183
2495 97190
2496 105849
2497 109004
2498 101656
2499 99744
